Table 2 — 16 networks community partition metrics (HETA_TIMES=200)
Network       Grp# Indep Total         Density       Within R1      Between R1
------------------------------------------------------------------------------
rdgam            2     0    12  0.88 (0.02)    0.96 (0.03)    0.00 (0.00)
women            1     0    16  0.42 (0.00)    0.90 (0.00)    0.00 (0.00)
football         1     0   115  0.09 (0.00)    0.42 (0.00)    0.00 (0.00)
jazz             1     6   192  0.15 (0.00)    0.72 (0.00)    0.00 (0.00)
lesmis           1    20    57  0.15 (0.00)    0.85 (0.00)    0.00 (0.00)
camp92           3     0    18  0.71 (0.14)    0.71 (0.13)    0.00 (0.00)
prisonInter      5    21    46  0.59 (0.30)    0.64 (0.12)    0.04 (0.08)
karate           1     2    32  0.15 (0.00)    0.67 (0.00)    0.00 (0.00)
k-core           1    18     8  0.46 (0.00)    0.67 (0.00)    0.00 (0.00)
ragusa16         1     8    16  0.39 (0.00)    0.64 (0.00)    0.00 (0.00)
dolphins         1    16    46  0.13 (0.00)    0.43 (0.00)    0.00 (0.00)
celegans         1    20   277  0.06 (0.00)    0.35 (0.00)    0.00 (0.00)
s208             1    39    83  0.04 (0.00)    0.11 (0.00)    0.00 (0.00)
ba_sfn           1    64    36  0.11 (0.00)    0.47 (0.00)    0.00 (0.00)
leader           1     1    31  0.17 (0.00)    0.39 (0.00)    0.00 (0.00)
florentine       2     8     7  0.92 (0.08)    0.56 (0.05)    0.00 (0.00)
