HETA 分析結果
================================================================================
節點數     : 100
邊數       : 196
kmax       : 1
n_random   : 1000
執行時間   : 0.051 秒
原始 indexing : 1-indexed
節點座標   : 無（全 0）
================================================================================

分類統計
--------------------------------------------------------------------------------
  silk link      :    0 條  (  0.0%)
  bond link      :   19 條  (  9.7%)
  local bridge   :   41 條  ( 20.9%)
  global bridge  :  136 條  ( 69.4%)
--------------------------------------------------------------------------------

R^1 (第一層共同鄰居比) 統計
--------------------------------------------------------------------------------
  min    : 0.000000
  max    : 1.000000
  mean   : 0.162173
  median : 0.000000
--------------------------------------------------------------------------------

節點座標 (Vertices)
--------------------------------------------------------------------------------
  id      x             y           
  ------  ------------  ------------
  0           0.000000      0.000000
  1           0.000000      0.000000
  2           0.000000      0.000000
  3           0.000000      0.000000
  4           0.000000      0.000000
  5           0.000000      0.000000
  6           0.000000      0.000000
  7           0.000000      0.000000
  8           0.000000      0.000000
  9           0.000000      0.000000
  10          0.000000      0.000000
  11          0.000000      0.000000
  12          0.000000      0.000000
  13          0.000000      0.000000
  14          0.000000      0.000000
  15          0.000000      0.000000
  16          0.000000      0.000000
  17          0.000000      0.000000
  18          0.000000      0.000000
  19          0.000000      0.000000
  20          0.000000      0.000000
  21          0.000000      0.000000
  22          0.000000      0.000000
  23          0.000000      0.000000
  24          0.000000      0.000000
  25          0.000000      0.000000
  26          0.000000      0.000000
  27          0.000000      0.000000
  28          0.000000      0.000000
  29          0.000000      0.000000
  30          0.000000      0.000000
  31          0.000000      0.000000
  32          0.000000      0.000000
  33          0.000000      0.000000
  34          0.000000      0.000000
  35          0.000000      0.000000
  36          0.000000      0.000000
  37          0.000000      0.000000
  38          0.000000      0.000000
  39          0.000000      0.000000
  40          0.000000      0.000000
  41          0.000000      0.000000
  42          0.000000      0.000000
  43          0.000000      0.000000
  44          0.000000      0.000000
  45          0.000000      0.000000
  46          0.000000      0.000000
  47          0.000000      0.000000
  48          0.000000      0.000000
  49          0.000000      0.000000
  50          0.000000      0.000000
  51          0.000000      0.000000
  52          0.000000      0.000000
  53          0.000000      0.000000
  54          0.000000      0.000000
  55          0.000000      0.000000
  56          0.000000      0.000000
  57          0.000000      0.000000
  58          0.000000      0.000000
  59          0.000000      0.000000
  60          0.000000      0.000000
  61          0.000000      0.000000
  62          0.000000      0.000000
  63          0.000000      0.000000
  64          0.000000      0.000000
  65          0.000000      0.000000
  66          0.000000      0.000000
  67          0.000000      0.000000
  68          0.000000      0.000000
  69          0.000000      0.000000
  70          0.000000      0.000000
  71          0.000000      0.000000
  72          0.000000      0.000000
  73          0.000000      0.000000
  74          0.000000      0.000000
  75          0.000000      0.000000
  76          0.000000      0.000000
  77          0.000000      0.000000
  78          0.000000      0.000000
  79          0.000000      0.000000
  80          0.000000      0.000000
  81          0.000000      0.000000
  82          0.000000      0.000000
  83          0.000000      0.000000
  84          0.000000      0.000000
  85          0.000000      0.000000
  86          0.000000      0.000000
  87          0.000000      0.000000
  88          0.000000      0.000000
  89          0.000000      0.000000
  90          0.000000      0.000000
  91          0.000000      0.000000
  92          0.000000      0.000000
  93          0.000000      0.000000
  94          0.000000      0.000000
  95          0.000000      0.000000
  96          0.000000      0.000000
  97          0.000000      0.000000
  98          0.000000      0.000000
  99          0.000000      0.000000
--------------------------------------------------------------------------------

逐邊分類結果 (含 R^1)
--------------------------------------------------------------------------------
  u       v       type                    layer  R^1       
  ------  ------  ----------------------  -----  ----------
  0       2       global_bridge           0      0.000000
  0       3       local_bridge_k1         1      0.500000
  0       4       local_bridge_k1         1      0.500000
  1       2       local_bridge_k1         1      0.333333
  1       3       local_bridge_k1         1      0.250000
  1       36      bond                    0      1.000000
  1       5       local_bridge_k1         1      0.187500
  1       6       local_bridge_k1         1      0.200000
  1       10      local_bridge_k1         1      0.200000
  1       11      local_bridge_k1         1      0.100000
  1       44      local_bridge_k1         1      0.333333
  1       78      global_bridge           0      0.000000
  1       80      bond                    0      1.000000
  1       50      local_bridge_k1         1      0.200000
  1       52      local_bridge_k1         1      0.500000
  1       53      global_bridge           0      0.000000
  1       88      global_bridge           0      0.000000
  1       26      local_bridge_k1         1      0.500000
  1       27      global_bridge           0      0.000000
  1       74      global_bridge           0      0.000000
  2       6       local_bridge_k1         1      0.200000
  2       40      global_bridge           0      0.000000
  2       50      local_bridge_k1         1      0.200000
  2       19      global_bridge           0      0.000000
  2       89      global_bridge           0      0.000000
  3       4       local_bridge_k1         1      0.105263
  3       5       local_bridge_k1         1      0.176471
  3       9       bond                    0      1.000000
  3       12      global_bridge           0      0.000000
  3       14      bond                    0      1.000000
  3       15      local_bridge_k1         1      0.400000
  3       16      local_bridge_k1         1      0.333333
  3       18      global_bridge           0      0.000000
  3       22      local_bridge_k1         1      0.333333
  3       23      global_bridge           0      0.000000
  3       25      local_bridge_k1         1      0.500000
  3       34      global_bridge           0      0.000000
  3       44      local_bridge_k1         1      0.333333
  3       52      local_bridge_k1         1      0.500000
  3       56      global_bridge           0      0.000000
  3       57      global_bridge           0      0.000000
  3       62      bond                    0      1.000000
  3       67      bond                    0      1.000000
  3       80      bond                    0      1.000000
  3       99      global_bridge           0      0.000000
  4       32      global_bridge           0      0.000000
  4       70      global_bridge           0      0.000000
  4       51      global_bridge           0      0.000000
  4       7       global_bridge           0      0.000000
  4       8       local_bridge_k1         1      0.166667
  4       9       bond                    0      1.000000
  4       42      global_bridge           0      0.000000
  4       71      global_bridge           0      0.000000
  4       13      global_bridge           0      0.000000
  4       78      global_bridge           0      0.000000
  4       92      global_bridge           0      0.000000
  4       19      global_bridge           0      0.000000
  4       84      global_bridge           0      0.000000
  4       54      global_bridge           0      0.000000
  4       55      global_bridge           0      0.000000
  4       28      global_bridge           0      0.000000
  4       29      global_bridge           0      0.000000
  4       30      local_bridge_k1         1      0.250000
  5       36      bond                    0      1.000000
  5       7       local_bridge_k1         1      0.250000
  5       8       local_bridge_k1         1      0.166667
  5       41      local_bridge_k1         1      0.333333
  5       10      local_bridge_k1         1      0.200000
  5       75      bond                    0      1.000000
  5       77      bond                    0      1.000000
  5       14      local_bridge_k1         1      0.333333
  5       15      local_bridge_k1         1      0.200000
  5       82      global_bridge           0      0.000000
  5       21      local_bridge_k1         1      0.333333
  5       54      global_bridge           0      0.000000
  5       87      global_bridge           0      0.000000
  5       24      global_bridge           0      0.000000
  5       58      global_bridge           0      0.000000
  5       47      global_bridge           0      0.000000
  6       32      global_bridge           0      0.000000
  6       13      global_bridge           0      0.000000
  6       59      global_bridge           0      0.000000
  6       31      global_bridge           0      0.000000
  7       20      global_bridge           0      0.000000
  7       11      global_bridge           0      0.000000
  7       21      local_bridge_k1         1      0.333333
  8       75      bond                    0      1.000000
  8       79      global_bridge           0      0.000000
  8       17      global_bridge           0      0.000000
  8       23      global_bridge           0      0.000000
  8       30      local_bridge_k1         1      0.250000
  10      42      global_bridge           0      0.000000
  10      46      global_bridge           0      0.000000
  10      16      global_bridge           0      0.000000
  10      49      global_bridge           0      0.000000
  11      43      global_bridge           0      0.000000
  11      37      global_bridge           0      0.000000
  11      38      global_bridge           0      0.000000
  11      33      global_bridge           0      0.000000
  11      12      global_bridge           0      0.000000
  11      48      local_bridge_k1         1      0.500000
  11      17      local_bridge_k1         1      0.125000
  11      86      global_bridge           0      0.000000
  11      26      local_bridge_k1         1      0.500000
  12      65      global_bridge           0      0.000000
  12      20      global_bridge           0      0.000000
  12      47      global_bridge           0      0.000000
  13      18      global_bridge           0      0.000000
  14      62      bond                    0      1.000000
  14      22      local_bridge_k1         1      0.333333
  15      67      bond                    0      1.000000
  15      40      local_bridge_k1         1      0.500000
  15      28      global_bridge           0      0.000000
  15      95      bond                    0      1.000000
  16      25      local_bridge_k1         1      0.500000
  16      35      global_bridge           0      0.000000
  17      39      bond                    0      1.000000
  17      73      global_bridge           0      0.000000
  17      93      global_bridge           0      0.000000
  17      48      local_bridge_k1         1      0.500000
  17      56      global_bridge           0      0.000000
  17      24      local_bridge_k1         1      0.125000
  17      29      global_bridge           0      0.000000
  18      38      global_bridge           0      0.000000
  19      96      global_bridge           0      0.000000
  19      65      global_bridge           0      0.000000
  19      97      global_bridge           0      0.000000
  19      81      global_bridge           0      0.000000
  19      82      global_bridge           0      0.000000
  19      57      global_bridge           0      0.000000
  19      31      global_bridge           0      0.000000
  20      43      global_bridge           0      0.000000
  20      93      global_bridge           0      0.000000
  21      84      global_bridge           0      0.000000
  21      76      global_bridge           0      0.000000
  22      27      global_bridge           0      0.000000
  22      74      global_bridge           0      0.000000
  24      64      global_bridge           0      0.000000
  24      33      global_bridge           0      0.000000
  24      34      global_bridge           0      0.000000
  24      39      bond                    0      1.000000
  24      66      global_bridge           0      0.000000
  24      51      global_bridge           0      0.000000
  24      63      global_bridge           0      0.000000
  25      60      global_bridge           0      0.000000
  26      45      global_bridge           0      0.000000
  28      35      global_bridge           0      0.000000
  28      53      global_bridge           0      0.000000
  28      87      global_bridge           0      0.000000
  28      61      global_bridge           0      0.000000
  29      68      global_bridge           0      0.000000
  29      83      global_bridge           0      0.000000
  29      46      global_bridge           0      0.000000
  30      99      global_bridge           0      0.000000
  30      58      global_bridge           0      0.000000
  30      91      global_bridge           0      0.000000
  31      83      global_bridge           0      0.000000
  35      92      global_bridge           0      0.000000
  35      37      global_bridge           0      0.000000
  35      94      global_bridge           0      0.000000
  37      41      global_bridge           0      0.000000
  38      73      global_bridge           0      0.000000
  38      85      global_bridge           0      0.000000
  40      95      bond                    0      1.000000
  41      98      global_bridge           0      0.000000
  41      77      bond                    0      1.000000
  44      45      global_bridge           0      0.000000
  44      85      global_bridge           0      0.000000
  45      69      global_bridge           0      0.000000
  47      49      global_bridge           0      0.000000
  48      76      global_bridge           0      0.000000
  50      64      global_bridge           0      0.000000
  50      68      global_bridge           0      0.000000
  50      66      global_bridge           0      0.000000
  50      61      global_bridge           0      0.000000
  51      91      global_bridge           0      0.000000
  52      55      global_bridge           0      0.000000
  54      89      global_bridge           0      0.000000
  57      59      global_bridge           0      0.000000
  57      94      global_bridge           0      0.000000
  57      79      global_bridge           0      0.000000
  58      71      global_bridge           0      0.000000
  58      72      global_bridge           0      0.000000
  58      81      global_bridge           0      0.000000
  58      90      global_bridge           0      0.000000
  58      63      global_bridge           0      0.000000
  59      60      global_bridge           0      0.000000
  65      70      global_bridge           0      0.000000
  65      72      global_bridge           0      0.000000
  65      88      global_bridge           0      0.000000
  65      90      global_bridge           0      0.000000
  68      69      global_bridge           0      0.000000
  70      96      global_bridge           0      0.000000
  78      86      global_bridge           0      0.000000
  89      97      global_bridge           0      0.000000
  90      98      global_bridge           0      0.000000
--------------------------------------------------------------------------------
