HETA 分析結果
================================================================================
節點數     : 62
邊數       : 159
kmax       : 1
n_random   : 1000
執行時間   : 0.038 秒
原始 indexing : 1-indexed
節點座標   : 無（全 0）
================================================================================

分類統計
--------------------------------------------------------------------------------
  silk link      :    9 條  (  5.7%)
  bond link      :   71 條  ( 44.7%)
  local bridge   :   50 條  ( 31.4%)
  global bridge  :   29 條  ( 18.2%)
--------------------------------------------------------------------------------

R^1 (第一層共同鄰居比) 統計
--------------------------------------------------------------------------------
  min    : 0.000000
  max    : 1.000000
  mean   : 0.371087
  median : 0.400000
--------------------------------------------------------------------------------

節點座標 (Vertices)
--------------------------------------------------------------------------------
  id      x             y           
  ------  ------------  ------------
  0           0.000000      0.000000
  1           0.000000      0.000000
  2           0.000000      0.000000
  3           0.000000      0.000000
  4           0.000000      0.000000
  5           0.000000      0.000000
  6           0.000000      0.000000
  7           0.000000      0.000000
  8           0.000000      0.000000
  9           0.000000      0.000000
  10          0.000000      0.000000
  11          0.000000      0.000000
  12          0.000000      0.000000
  13          0.000000      0.000000
  14          0.000000      0.000000
  15          0.000000      0.000000
  16          0.000000      0.000000
  17          0.000000      0.000000
  18          0.000000      0.000000
  19          0.000000      0.000000
  20          0.000000      0.000000
  21          0.000000      0.000000
  22          0.000000      0.000000
  23          0.000000      0.000000
  24          0.000000      0.000000
  25          0.000000      0.000000
  26          0.000000      0.000000
  27          0.000000      0.000000
  28          0.000000      0.000000
  29          0.000000      0.000000
  30          0.000000      0.000000
  31          0.000000      0.000000
  32          0.000000      0.000000
  33          0.000000      0.000000
  34          0.000000      0.000000
  35          0.000000      0.000000
  36          0.000000      0.000000
  37          0.000000      0.000000
  38          0.000000      0.000000
  39          0.000000      0.000000
  40          0.000000      0.000000
  41          0.000000      0.000000
  42          0.000000      0.000000
  43          0.000000      0.000000
  44          0.000000      0.000000
  45          0.000000      0.000000
  46          0.000000      0.000000
  47          0.000000      0.000000
  48          0.000000      0.000000
  49          0.000000      0.000000
  50          0.000000      0.000000
  51          0.000000      0.000000
  52          0.000000      0.000000
  53          0.000000      0.000000
  54          0.000000      0.000000
  55          0.000000      0.000000
  56          0.000000      0.000000
  57          0.000000      0.000000
  58          0.000000      0.000000
  59          0.000000      0.000000
  60          0.000000      0.000000
  61          0.000000      0.000000
--------------------------------------------------------------------------------

逐邊分類結果 (含 R^1)
--------------------------------------------------------------------------------
  u       v       type                    layer  R^1       
  ------  ------  ----------------------  -----  ----------
  0       48      local_bridge_k1         1      0.333333
  0       19      local_bridge_k1         1      0.250000
  0       1       local_bridge_k1         1      0.250000
  0       29      local_bridge_k1         1      0.250000
  0       16      bond                    0      0.500000
  1       41      bond                    0      0.750000
  1       16      bond                    0      0.600000
  1       61      global_bridge           0      0.000000
  1       24      local_bridge_k1         1      0.400000
  1       26      local_bridge_k1         1      0.333333
  2       7       bond                    0      0.600000
  2       41      global_bridge           0      0.000000
  2       12      bond                    0      0.600000
  2       49      bond                    0      0.666667
  2       18      bond                    0      0.500000
  2       52      bond                    0      0.500000
  2       20      global_bridge           0      0.000000
  2       5       silk                    0      0.000000
  2       55      global_bridge           0      0.000000
  3       38      silk                    0      0.000000
  4       26      global_bridge           0      0.000000
  4       58      global_bridge           0      0.000000
  4       54      global_bridge           0      0.000000
  6       56      bond                    0      0.500000
  6       17      global_bridge           0      0.000000
  6       58      bond                    0      0.500000
  6       46      bond                    0      0.500000
  6       14      global_bridge           0      0.000000
  7       37      local_bridge_k1         1      0.400000
  7       46      global_bridge           0      0.000000
  7       49      bond                    0      0.800000
  7       18      bond                    0      0.800000
  7       52      bond                    0      0.600000
  8       9       bond                    0      0.500000
  8       10      bond                    0      1.000000
  8       36      bond                    0      0.500000
  9       23      bond                    0      0.500000
  9       10      bond                    0      1.000000
  10      23      bond                    0      0.500000
  10      29      global_bridge           0      0.000000
  10      36      bond                    0      0.500000
  11      43      local_bridge_k1         1      0.285714
  11      47      local_bridge_k1         1      0.400000
  11      49      global_bridge           0      0.000000
  11      17      local_bridge_k1         1      0.333333
  11      19      bond                    0      0.500000
  11      53      global_bridge           0      0.000000
  11      61      local_bridge_k1         1      0.166667
  11      16      local_bridge_k1         1      0.200000
  11      32      local_bridge_k1         1      0.200000
  12      56      local_bridge_k1         1      0.200000
  12      49      bond                    0      0.600000
  12      18      bond                    0      0.800000
  12      52      bond                    0      0.600000
  12      58      local_bridge_k1         1      0.400000
  13      50      silk                    0      0.000000
  14      15      global_bridge           0      0.000000
  15      20      global_bridge           0      0.000000
  16      41      bond                    0      0.500000
  16      19      bond                    0      0.500000
  16      24      local_bridge_k1         1      0.400000
  17      26      global_bridge           0      0.000000
  17      43      local_bridge_k1         1      0.333333
  18      37      bond                    0      0.500000
  18      51      bond                    0      0.500000
  18      49      bond                    0      0.833333
  18      52      bond                    0      0.666667
  18      61      local_bridge_k1         1      0.166667
  18      58      local_bridge_k1         1      0.200000
  18      32      local_bridge_k1         1      0.400000
  18      44      bond                    0      0.500000
  19      23      global_bridge           0      0.000000
  19      32      local_bridge_k1         1      0.250000
  20      43      local_bridge_k1         1      0.333333
  20      46      bond                    0      0.500000
  20      56      bond                    0      0.500000
  20      58      local_bridge_k1         1      0.333333
  20      54      global_bridge           0      0.000000
  21      37      local_bridge_k1         1      0.166667
  21      46      bond                    0      0.571429
  21      56      local_bridge_k1         1      0.285714
  21      58      local_bridge_k1         1      0.428571
  21      53      local_bridge_k1         1      0.166667
  21      55      local_bridge_k1         1      0.333333
  21      24      local_bridge_k1         1      0.400000
  21      29      global_bridge           0      0.000000
  22      23      local_bridge_k1         1      0.250000
  22      31      bond                    0      0.500000
  22      34      bond                    0      0.750000
  22      50      bond                    0      0.750000
  22      59      bond                    0      0.750000
  23      36      local_bridge_k1         1      0.142857
  23      48      local_bridge_k1         1      0.333333
  23      59      local_bridge_k1         1      0.333333
  23      53      global_bridge           0      0.000000
  24      41      bond                    0      0.500000
  24      37      local_bridge_k1         1      0.200000
  24      46      local_bridge_k1         1      0.200000
  25      32      bond                    0      0.500000
  25      44      bond                    0      0.500000
  25      46      global_bridge           0      0.000000
  26      41      local_bridge_k1         1      0.333333
  27      31      bond                    0      0.666667
  27      34      bond                    0      0.666667
  27      33      global_bridge           0      0.000000
  27      50      bond                    0      0.666667
  28      52      silk                    0      0.000000
  29      48      bond                    0      0.666667
  29      59      local_bridge_k1         1      0.250000
  30      34      bond                    0      0.800000
  30      36      bond                    0      0.600000
  30      59      local_bridge_k1         1      0.400000
  30      50      bond                    0      0.800000
  30      33      global_bridge           0      0.000000
  30      31      bond                    0      0.600000
  31      34      bond                    0      1.000000
  31      36      bond                    0      0.500000
  31      38      bond                    0      0.500000
  31      50      bond                    0      0.833333
  32      58      local_bridge_k1         1      0.200000
  32      44      bond                    0      0.500000
  34      36      local_bridge_k1         1      0.428571
  34      59      bond                    0      0.500000
  34      50      bond                    0      0.857143
  34      38      bond                    0      0.500000
  35      56      silk                    0      0.000000
  36      45      silk                    0      0.000000
  36      50      local_bridge_k1         1      0.375000
  36      60      silk                    0      0.000000
  37      44      local_bridge_k1         1      0.250000
  37      57      global_bridge           0      0.000000
  37      49      local_bridge_k1         1      0.333333
  39      43      silk                    0      0.000000
  40      52      silk                    0      0.000000
  42      50      global_bridge           0      0.000000
  42      53      global_bridge           0      0.000000
  43      47      bond                    0      0.600000
  43      56      local_bridge_k1         1      0.428571
  43      55      local_bridge_k1         1      0.333333
  43      46      bond                    0      0.571429
  44      53      global_bridge           0      0.000000
  46      47      bond                    0      0.800000
  46      56      bond                    0      0.777778
  46      58      bond                    0      0.500000
  46      55      bond                    0      0.666667
  46      61      local_bridge_k1         1      0.333333
  47      56      bond                    0      0.800000
  47      58      local_bridge_k1         1      0.400000
  47      61      bond                    0      0.600000
  48      59      bond                    0      0.666667
  49      52      bond                    0      0.666667
  50      59      bond                    0      0.500000
  51      52      bond                    0      0.500000
  51      53      global_bridge           0      0.000000
  52      57      global_bridge           0      0.000000
  52      61      local_bridge_k1         1      0.166667
  53      58      local_bridge_k1         1      0.166667
  56      58      bond                    0      0.666667
  56      61      local_bridge_k1         1      0.333333
--------------------------------------------------------------------------------
