HETA 分析結果
================================================================================
節點數     : 77
邊數       : 254
kmax       : 1
n_random   : 1000
執行時間   : 0.066 秒
原始 indexing : 1-indexed
節點座標   : 無（全 0）
================================================================================

分類統計
--------------------------------------------------------------------------------
  silk link      :   17 條  (  6.7%)
  bond link      :  153 條  ( 60.2%)
  local bridge   :   68 條  ( 26.8%)
  global bridge  :   16 條  (  6.3%)
--------------------------------------------------------------------------------

R^1 (第一層共同鄰居比) 統計
--------------------------------------------------------------------------------
  min    : 0.000000
  max    : 1.000000
  mean   : 0.773392
  median : 1.000000
--------------------------------------------------------------------------------

節點座標 (Vertices)
--------------------------------------------------------------------------------
  id      x             y           
  ------  ------------  ------------
  0           0.000000      0.000000
  1           0.000000      0.000000
  2           0.000000      0.000000
  3           0.000000      0.000000
  4           0.000000      0.000000
  5           0.000000      0.000000
  6           0.000000      0.000000
  7           0.000000      0.000000
  8           0.000000      0.000000
  9           0.000000      0.000000
  10          0.000000      0.000000
  11          0.000000      0.000000
  12          0.000000      0.000000
  13          0.000000      0.000000
  14          0.000000      0.000000
  15          0.000000      0.000000
  16          0.000000      0.000000
  17          0.000000      0.000000
  18          0.000000      0.000000
  19          0.000000      0.000000
  20          0.000000      0.000000
  21          0.000000      0.000000
  22          0.000000      0.000000
  23          0.000000      0.000000
  24          0.000000      0.000000
  25          0.000000      0.000000
  26          0.000000      0.000000
  27          0.000000      0.000000
  28          0.000000      0.000000
  29          0.000000      0.000000
  30          0.000000      0.000000
  31          0.000000      0.000000
  32          0.000000      0.000000
  33          0.000000      0.000000
  34          0.000000      0.000000
  35          0.000000      0.000000
  36          0.000000      0.000000
  37          0.000000      0.000000
  38          0.000000      0.000000
  39          0.000000      0.000000
  40          0.000000      0.000000
  41          0.000000      0.000000
  42          0.000000      0.000000
  43          0.000000      0.000000
  44          0.000000      0.000000
  45          0.000000      0.000000
  46          0.000000      0.000000
  47          0.000000      0.000000
  48          0.000000      0.000000
  49          0.000000      0.000000
  50          0.000000      0.000000
  51          0.000000      0.000000
  52          0.000000      0.000000
  53          0.000000      0.000000
  54          0.000000      0.000000
  55          0.000000      0.000000
  56          0.000000      0.000000
  57          0.000000      0.000000
  58          0.000000      0.000000
  59          0.000000      0.000000
  60          0.000000      0.000000
  61          0.000000      0.000000
  62          0.000000      0.000000
  63          0.000000      0.000000
  64          0.000000      0.000000
  65          0.000000      0.000000
  66          0.000000      0.000000
  67          0.000000      0.000000
  68          0.000000      0.000000
  69          0.000000      0.000000
  70          0.000000      0.000000
  71          0.000000      0.000000
  72          0.000000      0.000000
  73          0.000000      0.000000
  74          0.000000      0.000000
  75          0.000000      0.000000
  76          0.000000      0.000000
--------------------------------------------------------------------------------

逐邊分類結果 (含 R^1)
--------------------------------------------------------------------------------
  u       v       type                    layer  R^1       
  ------  ------  ----------------------  -----  ----------
  0       70      bond                    0      1.000000
  0       41      bond                    0      1.000000
  1       53      local_bridge_k1         1      0.666667
  1       17      local_bridge_k1         1      0.333333
  1       24      bond                    0      1.000000
  1       25      silk                    0      0.000000
  2       53      bond                    0      1.000000
  2       17      global_bridge           0      0.285714
  2       21      global_bridge           0      0.285714
  2       72      bond                    0      1.000000
  2       66      bond                    0      1.000000
  2       42      bond                    0      1.000000
  2       13      bond                    0      1.000000
  2       56      bond                    0      1.000000
  3       57      bond                    0      1.000000
  3       52      bond                    0      1.000000
  3       58      bond                    0      1.000000
  3       4       bond                    0      1.000000
  3       5       bond                    0      1.000000
  3       6       bond                    0      1.000000
  3       7       bond                    0      1.000000
  3       8       bond                    0      1.000000
  3       9       bond                    0      1.000000
  4       57      bond                    0      1.000000
  4       52      bond                    0      1.000000
  4       58      bond                    0      1.000000
  4       70      local_bridge_k1         1      0.800000
  4       75      local_bridge_k1         1      0.800000
  4       5       bond                    0      1.000000
  4       6       bond                    0      1.000000
  4       7       bond                    0      1.000000
  4       8       bond                    0      1.000000
  4       9       bond                    0      0.888889
  5       57      bond                    0      1.000000
  5       52      bond                    0      0.916667
  5       58      bond                    0      0.916667
  5       70      local_bridge_k1         1      0.750000
  5       75      bond                    0      0.900000
  5       29      global_bridge           0      0.200000
  5       44      bond                    0      1.000000
  5       6       bond                    0      1.000000
  5       7       bond                    0      0.916667
  5       8       bond                    0      1.000000
  5       9       bond                    0      1.000000
  6       57      bond                    0      1.000000
  6       52      bond                    0      1.000000
  6       58      bond                    0      1.000000
  6       70      local_bridge_k1         1      0.727273
  6       75      local_bridge_k1         1      0.800000
  6       44      bond                    0      1.000000
  6       7       bond                    0      1.000000
  6       8       bond                    0      1.000000
  6       9       bond                    0      1.000000
  7       53      global_bridge           0      0.250000
  7       57      bond                    0      1.000000
  7       52      bond                    0      1.000000
  7       58      bond                    0      1.000000
  7       70      local_bridge_k1         1      0.750000
  7       75      local_bridge_k1         1      0.800000
  7       44      bond                    0      1.000000
  7       8       bond                    0      1.000000
  7       9       bond                    0      1.000000
  8       57      bond                    0      1.000000
  8       52      bond                    0      1.000000
  8       58      bond                    0      1.000000
  8       70      local_bridge_k1         1      0.727273
  8       75      local_bridge_k1         1      0.800000
  8       44      bond                    0      1.000000
  8       9       bond                    0      1.000000
  9       57      bond                    0      0.888889
  9       52      bond                    0      1.000000
  9       58      bond                    0      1.000000
  9       44      bond                    0      1.000000
  10      75      silk                    0      0.000000
  11      53      local_bridge_k1         1      0.777778
  11      14      local_bridge_k1         1      0.666667
  11      17      local_bridge_k1         1      0.777778
  11      58      local_bridge_k1         1      0.666667
  11      15      bond                    0      1.000000
  11      29      local_bridge_k1         1      0.666667
  11      45      bond                    0      1.000000
  11      49      bond                    0      1.000000
  11      50      bond                    0      0.888889
  11      12      bond                    0      1.000000
  12      53      local_bridge_k1         1      0.777778
  12      15      bond                    0      1.000000
  12      17      local_bridge_k1         1      0.777778
  12      58      local_bridge_k1         1      0.666667
  12      50      bond                    0      0.888889
  12      29      local_bridge_k1         1      0.666667
  12      45      bond                    0      1.000000
  12      49      bond                    0      1.000000
  12      14      local_bridge_k1         1      0.666667
  13      53      bond                    0      1.000000
  13      56      bond                    0      1.000000
  13      72      bond                    0      1.000000
  13      42      bond                    0      1.000000
  13      66      bond                    0      1.000000
  14      53      local_bridge_k1         1      0.700000
  14      15      bond                    0      0.900000
  14      16      local_bridge_k1         1      0.300000
  14      17      local_bridge_k1         1      0.700000
  14      21      local_bridge_k1         1      0.300000
  14      26      bond                    0      1.000000
  14      76      global_bridge           0      0.000000
  14      29      local_bridge_k1         1      0.500000
  14      50      local_bridge_k1         1      0.666667
  15      53      local_bridge_k1         1      0.666667
  15      55      local_bridge_k1         1      0.500000
  15      17      local_bridge_k1         1      0.600000
  15      58      local_bridge_k1         1      0.466667
  15      21      global_bridge           0      0.214286
  15      70      local_bridge_k1         1      0.333333
  15      26      bond                    0      1.000000
  15      16      local_bridge_k1         1      0.400000
  15      28      silk                    0      0.000000
  15      29      local_bridge_k1         1      0.800000
  15      45      bond                    0      1.000000
  15      49      bond                    0      1.000000
  15      50      bond                    0      0.888889
  16      53      local_bridge_k1         1      0.800000
  16      17      local_bridge_k1         1      0.500000
  16      70      local_bridge_k1         1      0.600000
  16      62      bond                    0      1.000000
  16      60      global_bridge           0      0.125000
  16      65      local_bridge_k1         1      0.666667
  16      27      bond                    0      1.000000
  16      41      local_bridge_k1         1      0.666667
  16      48      bond                    0      1.000000
  17      52      global_bridge           0      0.214286
  17      58      local_bridge_k1         1      0.375000
  17      21      local_bridge_k1         1      0.357143
  17      69      bond                    0      1.000000
  17      63      local_bridge_k1         1      0.666667
  17      50      local_bridge_k1         1      0.777778
  17      27      bond                    0      1.000000
  17      48      bond                    0      1.000000
  17      49      local_bridge_k1         1      0.750000
  17      53      bond                    0      1.000000
  18      19      bond                    0      1.000000
  18      20      bond                    0      1.000000
  18      21      bond                    0      1.000000
  18      61      bond                    0      1.000000
  18      40      bond                    0      1.000000
  18      60      bond                    0      1.000000
  18      74      bond                    0      1.000000
  19      20      bond                    0      1.000000
  19      74      bond                    0      1.000000
  19      60      bond                    0      1.000000
  19      61      bond                    0      1.000000
  19      40      bond                    0      1.000000
  19      21      bond                    0      1.000000
  20      74      bond                    0      1.000000
  20      60      bond                    0      1.000000
  20      61      bond                    0      1.000000
  20      40      bond                    0      1.000000
  20      21      bond                    0      1.000000
  21      60      local_bridge_k1         1      0.750000
  21      61      bond                    0      1.000000
  21      40      bond                    0      1.000000
  21      63      bond                    0      1.000000
  21      64      bond                    0      1.000000
  21      46      bond                    0      1.000000
  21      74      bond                    0      1.000000
  21      53      local_bridge_k1         1      0.428571
  22      23      silk                    0      0.000000
  23      58      global_bridge           0      0.000000
  24      53      bond                    0      1.000000
  26      29      bond                    0      1.000000
  27      53      bond                    0      1.000000
  29      70      local_bridge_k1         1      0.300000
  29      75      global_bridge           0      0.200000
  29      45      bond                    0      0.833333
  29      49      local_bridge_k1         1      0.625000
  29      50      local_bridge_k1         1      0.666667
  30      31      silk                    0      0.000000
  31      53      global_bridge           0      0.222222
  31      32      bond                    0      1.000000
  31      33      bond                    0      1.000000
  31      34      silk                    0      0.000000
  31      35      silk                    0      0.000000
  31      36      silk                    0      0.000000
  31      37      silk                    0      0.000000
  31      38      silk                    0      0.000000
  31      39      silk                    0      0.000000
  32      53      bond                    0      1.000000
  32      33      bond                    0      1.000000
  33      53      bond                    0      1.000000
  40      74      bond                    0      1.000000
  40      61      bond                    0      1.000000
  40      60      bond                    0      1.000000
  41      53      local_bridge_k1         1      0.500000
  41      70      bond                    0      0.833333
  41      62      bond                    0      1.000000
  41      65      local_bridge_k1         1      0.666667
  41      76      global_bridge           0      0.000000
  42      53      bond                    0      1.000000
  42      56      bond                    0      1.000000
  42      72      bond                    0      1.000000
  42      66      bond                    0      1.000000
  43      53      silk                    0      0.000000
  44      52      bond                    0      1.000000
  44      58      bond                    0      1.000000
  45      58      local_bridge_k1         1      0.666667
  45      49      bond                    0      1.000000
  45      50      bond                    0      0.833333
  46      53      bond                    0      1.000000
  47      71      bond                    0      1.000000
  47      58      bond                    0      1.000000
  48      53      bond                    0      1.000000
  49      53      local_bridge_k1         1      0.750000
  49      58      local_bridge_k1         1      0.750000
  49      50      bond                    0      0.875000
  50      52      global_bridge           0      0.222222
  50      53      local_bridge_k1         1      0.777778
  51      53      silk                    0      0.000000
  52      53      local_bridge_k1         1      0.357143
  52      57      bond                    0      1.000000
  52      58      bond                    0      0.928571
  52      70      local_bridge_k1         1      0.642857
  52      75      local_bridge_k1         1      0.800000
  53      72      bond                    0      1.000000
  53      58      local_bridge_k1         1      0.380952
  53      59      silk                    0      0.000000
  53      54      silk                    0      0.000000
  53      56      bond                    0      1.000000
  53      69      bond                    0      1.000000
  53      73      silk                    0      0.000000
  53      63      local_bridge_k1         1      0.666667
  53      65      local_bridge_k1         1      0.500000
  53      66      bond                    0      1.000000
  53      70      local_bridge_k1         1      0.388889
  55      70      local_bridge_k1         1      0.500000
  55      68      global_bridge           0      0.000000
  56      72      bond                    0      1.000000
  56      66      bond                    0      1.000000
  57      58      bond                    0      1.000000
  57      70      local_bridge_k1         1      0.800000
  57      75      local_bridge_k1         1      0.800000
  58      71      bond                    0      1.000000
  58      70      local_bridge_k1         1      0.555556
  58      75      local_bridge_k1         1      0.800000
  60      61      bond                    0      1.000000
  60      70      global_bridge           0      0.125000
  60      74      bond                    0      1.000000
  61      74      bond                    0      1.000000
  62      70      bond                    0      1.000000
  62      65      bond                    0      1.000000
  63      64      bond                    0      1.000000
  65      70      local_bridge_k1         1      0.666667
  65      67      silk                    0      0.000000
  65      68      global_bridge           0      0.000000
  66      72      bond                    0      1.000000
  70      75      bond                    0      0.900000
--------------------------------------------------------------------------------
