HETA 分析結果
================================================================================
節點數     : 200
邊數       : 1082
kmax       : 1
n_random   : 1000
執行時間   : 0.182 秒
原始 indexing : 1-indexed
節點座標   : 無（全 0）
================================================================================

分類統計
--------------------------------------------------------------------------------
  silk link      :    0 條  (  0.0%)
  bond link      :  607 條  ( 56.1%)
  local bridge   :  147 條  ( 13.6%)
  global bridge  :  328 條  ( 30.3%)
--------------------------------------------------------------------------------

R^1 (第一層共同鄰居比) 統計
--------------------------------------------------------------------------------
  min    : 0.000000
  max    : 0.857143
  mean   : 0.223523
  median : 0.222222
--------------------------------------------------------------------------------

節點座標 (Vertices)
--------------------------------------------------------------------------------
  id      x             y           
  ------  ------------  ------------
  0           0.000000      0.000000
  1           0.000000      0.000000
  2           0.000000      0.000000
  3           0.000000      0.000000
  4           0.000000      0.000000
  5           0.000000      0.000000
  6           0.000000      0.000000
  7           0.000000      0.000000
  8           0.000000      0.000000
  9           0.000000      0.000000
  10          0.000000      0.000000
  11          0.000000      0.000000
  12          0.000000      0.000000
  13          0.000000      0.000000
  14          0.000000      0.000000
  15          0.000000      0.000000
  16          0.000000      0.000000
  17          0.000000      0.000000
  18          0.000000      0.000000
  19          0.000000      0.000000
  20          0.000000      0.000000
  21          0.000000      0.000000
  22          0.000000      0.000000
  23          0.000000      0.000000
  24          0.000000      0.000000
  25          0.000000      0.000000
  26          0.000000      0.000000
  27          0.000000      0.000000
  28          0.000000      0.000000
  29          0.000000      0.000000
  30          0.000000      0.000000
  31          0.000000      0.000000
  32          0.000000      0.000000
  33          0.000000      0.000000
  34          0.000000      0.000000
  35          0.000000      0.000000
  36          0.000000      0.000000
  37          0.000000      0.000000
  38          0.000000      0.000000
  39          0.000000      0.000000
  40          0.000000      0.000000
  41          0.000000      0.000000
  42          0.000000      0.000000
  43          0.000000      0.000000
  44          0.000000      0.000000
  45          0.000000      0.000000
  46          0.000000      0.000000
  47          0.000000      0.000000
  48          0.000000      0.000000
  49          0.000000      0.000000
  50          0.000000      0.000000
  51          0.000000      0.000000
  52          0.000000      0.000000
  53          0.000000      0.000000
  54          0.000000      0.000000
  55          0.000000      0.000000
  56          0.000000      0.000000
  57          0.000000      0.000000
  58          0.000000      0.000000
  59          0.000000      0.000000
  60          0.000000      0.000000
  61          0.000000      0.000000
  62          0.000000      0.000000
  63          0.000000      0.000000
  64          0.000000      0.000000
  65          0.000000      0.000000
  66          0.000000      0.000000
  67          0.000000      0.000000
  68          0.000000      0.000000
  69          0.000000      0.000000
  70          0.000000      0.000000
  71          0.000000      0.000000
  72          0.000000      0.000000
  73          0.000000      0.000000
  74          0.000000      0.000000
  75          0.000000      0.000000
  76          0.000000      0.000000
  77          0.000000      0.000000
  78          0.000000      0.000000
  79          0.000000      0.000000
  80          0.000000      0.000000
  81          0.000000      0.000000
  82          0.000000      0.000000
  83          0.000000      0.000000
  84          0.000000      0.000000
  85          0.000000      0.000000
  86          0.000000      0.000000
  87          0.000000      0.000000
  88          0.000000      0.000000
  89          0.000000      0.000000
  90          0.000000      0.000000
  91          0.000000      0.000000
  92          0.000000      0.000000
  93          0.000000      0.000000
  94          0.000000      0.000000
  95          0.000000      0.000000
  96          0.000000      0.000000
  97          0.000000      0.000000
  98          0.000000      0.000000
  99          0.000000      0.000000
  100         0.000000      0.000000
  101         0.000000      0.000000
  102         0.000000      0.000000
  103         0.000000      0.000000
  104         0.000000      0.000000
  105         0.000000      0.000000
  106         0.000000      0.000000
  107         0.000000      0.000000
  108         0.000000      0.000000
  109         0.000000      0.000000
  110         0.000000      0.000000
  111         0.000000      0.000000
  112         0.000000      0.000000
  113         0.000000      0.000000
  114         0.000000      0.000000
  115         0.000000      0.000000
  116         0.000000      0.000000
  117         0.000000      0.000000
  118         0.000000      0.000000
  119         0.000000      0.000000
  120         0.000000      0.000000
  121         0.000000      0.000000
  122         0.000000      0.000000
  123         0.000000      0.000000
  124         0.000000      0.000000
  125         0.000000      0.000000
  126         0.000000      0.000000
  127         0.000000      0.000000
  128         0.000000      0.000000
  129         0.000000      0.000000
  130         0.000000      0.000000
  131         0.000000      0.000000
  132         0.000000      0.000000
  133         0.000000      0.000000
  134         0.000000      0.000000
  135         0.000000      0.000000
  136         0.000000      0.000000
  137         0.000000      0.000000
  138         0.000000      0.000000
  139         0.000000      0.000000
  140         0.000000      0.000000
  141         0.000000      0.000000
  142         0.000000      0.000000
  143         0.000000      0.000000
  144         0.000000      0.000000
  145         0.000000      0.000000
  146         0.000000      0.000000
  147         0.000000      0.000000
  148         0.000000      0.000000
  149         0.000000      0.000000
  150         0.000000      0.000000
  151         0.000000      0.000000
  152         0.000000      0.000000
  153         0.000000      0.000000
  154         0.000000      0.000000
  155         0.000000      0.000000
  156         0.000000      0.000000
  157         0.000000      0.000000
  158         0.000000      0.000000
  159         0.000000      0.000000
  160         0.000000      0.000000
  161         0.000000      0.000000
  162         0.000000      0.000000
  163         0.000000      0.000000
  164         0.000000      0.000000
  165         0.000000      0.000000
  166         0.000000      0.000000
  167         0.000000      0.000000
  168         0.000000      0.000000
  169         0.000000      0.000000
  170         0.000000      0.000000
  171         0.000000      0.000000
  172         0.000000      0.000000
  173         0.000000      0.000000
  174         0.000000      0.000000
  175         0.000000      0.000000
  176         0.000000      0.000000
  177         0.000000      0.000000
  178         0.000000      0.000000
  179         0.000000      0.000000
  180         0.000000      0.000000
  181         0.000000      0.000000
  182         0.000000      0.000000
  183         0.000000      0.000000
  184         0.000000      0.000000
  185         0.000000      0.000000
  186         0.000000      0.000000
  187         0.000000      0.000000
  188         0.000000      0.000000
  189         0.000000      0.000000
  190         0.000000      0.000000
  191         0.000000      0.000000
  192         0.000000      0.000000
  193         0.000000      0.000000
  194         0.000000      0.000000
  195         0.000000      0.000000
  196         0.000000      0.000000
  197         0.000000      0.000000
  198         0.000000      0.000000
  199         0.000000      0.000000
--------------------------------------------------------------------------------

逐邊分類結果 (含 R^1)
--------------------------------------------------------------------------------
  u       v       type                    layer  R^1       
  ------  ------  ----------------------  -----  ----------
  0       1       bond                    0      0.307692
  0       2       bond                    0      0.272727
  0       3       bond                    0      0.250000
  0       197     bond                    0      0.222222
  0       198     bond                    0      0.333333
  0       199     bond                    0      0.571429
  0       72      global_bridge           0      0.000000
  0       169     global_bridge           0      0.000000
  0       12      global_bridge           0      0.000000
  0       144     global_bridge           0      0.000000
  0       81      global_bridge           0      0.000000
  0       59      global_bridge           0      0.000000
  0       29      global_bridge           0      0.000000
  0       158     global_bridge           0      0.000000
  1       65      global_bridge           0      0.000000
  1       2       bond                    0      0.454545
  1       3       bond                    0      0.375000
  1       4       bond                    0      0.300000
  1       198     bond                    0      0.333333
  1       199     bond                    0      0.428571
  1       103     local_bridge_k1         1      0.090909
  1       45      global_bridge           0      0.000000
  1       178     global_bridge           0      0.000000
  1       35      local_bridge_k1         1      0.090909
  1       162     local_bridge_k1         1      0.100000
  1       183     global_bridge           0      0.000000
  1       89      global_bridge           0      0.000000
  2       162     local_bridge_k1         1      0.100000
  2       3       bond                    0      0.500000
  2       4       bond                    0      0.300000
  2       5       local_bridge_k1         1      0.181818
  2       199     bond                    0      0.285714
  2       64      global_bridge           0      0.000000
  2       170     global_bridge           0      0.000000
  2       97      global_bridge           0      0.000000
  2       121     global_bridge           0      0.000000
  2       132     global_bridge           0      0.000000
  3       4       bond                    0      0.500000
  3       5       bond                    0      0.375000
  3       6       bond                    0      0.250000
  3       51      local_bridge_k1         1      0.125000
  3       53      local_bridge_k1         1      0.125000
  3       27      global_bridge           0      0.000000
  4       5       bond                    0      0.400000
  4       6       bond                    0      0.300000
  4       7       bond                    0      0.222222
  4       103     local_bridge_k1         1      0.100000
  4       175     global_bridge           0      0.000000
  4       146     global_bridge           0      0.000000
  4       85      global_bridge           0      0.000000
  4       31      global_bridge           0      0.000000
  5       165     local_bridge_k1         1      0.181818
  5       6       bond                    0      0.333333
  5       7       bond                    0      0.333333
  5       8       local_bridge_k1         1      0.166667
  5       75      global_bridge           0      0.000000
  5       164     bond                    0      0.200000
  5       40      global_bridge           0      0.000000
  5       114     global_bridge           0      0.000000
  5       163     bond                    0      0.200000
  5       25      global_bridge           0      0.000000
  6       7       bond                    0      0.444444
  6       8       bond                    0      0.230769
  6       9       bond                    0      0.428571
  6       139     global_bridge           0      0.000000
  6       12      local_bridge_k1         1      0.083333
  6       50      global_bridge           0      0.000000
  6       83      global_bridge           0      0.000000
  6       131     global_bridge           0      0.000000
  6       41      global_bridge           0      0.000000
  6       56      local_bridge_k1         1      0.142857
  6       58      local_bridge_k1         1      0.111111
  7       8       bond                    0      0.444444
  7       9       bond                    0      0.428571
  7       10      bond                    0      0.222222
  7       14      global_bridge           0      0.000000
  7       68      global_bridge           0      0.000000
  7       186     global_bridge           0      0.000000
  7       191     global_bridge           0      0.000000
  8       72      local_bridge_k1         1      0.083333
  8       9       bond                    0      0.571429
  8       10      bond                    0      0.444444
  8       11      bond                    0      0.250000
  8       61      global_bridge           0      0.000000
  8       16      global_bridge           0      0.000000
  8       51      global_bridge           0      0.000000
  8       84      global_bridge           0      0.000000
  8       73      local_bridge_k1         1      0.083333
  8       106     global_bridge           0      0.000000
  8       31      local_bridge_k1         1      0.090909
  9       192     global_bridge           0      0.000000
  9       134     global_bridge           0      0.000000
  9       10      bond                    0      0.571429
  9       11      bond                    0      0.428571
  9       12      bond                    0      0.428571
  10      166     global_bridge           0      0.000000
  10      11      bond                    0      0.500000
  10      12      bond                    0      0.333333
  10      13      bond                    0      0.250000
  10      108     global_bridge           0      0.000000
  10      181     global_bridge           0      0.000000
  10      31      local_bridge_k1         1      0.111111
  11      12      bond                    0      0.500000
  11      13      bond                    0      0.375000
  11      14      bond                    0      0.250000
  11      80      global_bridge           0      0.000000
  11      117     global_bridge           0      0.000000
  11      24      global_bridge           0      0.000000
  12      160     local_bridge_k1         1      0.083333
  12      130     bond                    0      0.200000
  12      133     local_bridge_k1         1      0.083333
  12      65      local_bridge_k1         1      0.100000
  12      13      bond                    0      0.500000
  12      14      bond                    0      0.250000
  12      15      bond                    0      0.285714
  12      62      local_bridge_k1         1      0.142857
  13      16      bond                    0      0.285714
  13      75      local_bridge_k1         1      0.125000
  13      14      bond                    0      0.500000
  13      15      bond                    0      0.428571
  13      176     local_bridge_k1         1      0.125000
  13      88      global_bridge           0      0.000000
  14      102     global_bridge           0      0.000000
  14      166     bond                    0      0.222222
  14      171     local_bridge_k1         1      0.111111
  14      174     local_bridge_k1         1      0.181818
  14      15      bond                    0      0.857143
  14      16      bond                    0      0.428571
  14      17      bond                    0      0.230769
  14      115     global_bridge           0      0.000000
  14      39      global_bridge           0      0.000000
  14      167     local_bridge_k1         1      0.166667
  15      167     local_bridge_k1         1      0.142857
  15      16      bond                    0      0.571429
  15      17      bond                    0      0.428571
  15      18      bond                    0      0.285714
  15      174     local_bridge_k1         1      0.142857
  16      17      bond                    0      0.571429
  16      18      bond                    0      0.428571
  16      19      bond                    0      0.285714
  16      143     global_bridge           0      0.000000
  17      166     local_bridge_k1         1      0.111111
  17      18      bond                    0      0.500000
  17      50      local_bridge_k1         1      0.076923
  17      19      bond                    0      0.375000
  17      20      local_bridge_k1         1      0.181818
  17      149     local_bridge_k1         1      0.090909
  17      55      local_bridge_k1         1      0.090909
  17      52      bond                    0      0.250000
  17      60      global_bridge           0      0.000000
  17      189     local_bridge_k1         1      0.100000
  17      190     local_bridge_k1         1      0.083333
  18      181     local_bridge_k1         1      0.100000
  18      100     global_bridge           0      0.000000
  18      19      bond                    0      0.500000
  18      20      bond                    0      0.400000
  18      149     local_bridge_k1         1      0.100000
  18      84      global_bridge           0      0.000000
  18      187     global_bridge           0      0.000000
  18      21      bond                    0      0.285714
  19      198     global_bridge           0      0.000000
  19      20      bond                    0      0.500000
  19      21      bond                    0      0.428571
  19      22      bond                    0      0.250000
  19      123     global_bridge           0      0.000000
  19      53      global_bridge           0      0.000000
  20      34      local_bridge_k1         1      0.100000
  20      35      local_bridge_k1         1      0.090909
  20      109     global_bridge           0      0.000000
  20      21      bond                    0      0.571429
  20      22      bond                    0      0.300000
  20      23      bond                    0      0.222222
  20      152     global_bridge           0      0.000000
  20      58      global_bridge           0      0.000000
  20      181     local_bridge_k1         1      0.090909
  21      70      global_bridge           0      0.000000
  21      24      bond                    0      0.285714
  21      22      bond                    0      0.571429
  21      23      bond                    0      0.428571
  21      184     global_bridge           0      0.000000
  22      193     local_bridge_k1         1      0.100000
  22      130     local_bridge_k1         1      0.100000
  22      131     local_bridge_k1         1      0.100000
  22      23      bond                    0      0.444444
  22      24      bond                    0      0.444444
  22      25      bond                    0      0.250000
  22      122     global_bridge           0      0.000000
  22      186     global_bridge           0      0.000000
  23      105     local_bridge_k1         1      0.111111
  23      78      local_bridge_k1         1      0.125000
  23      24      bond                    0      0.444444
  23      25      bond                    0      0.500000
  23      26      bond                    0      0.333333
  23      28      bond                    0      0.222222
  23      190     global_bridge           0      0.000000
  24      193     local_bridge_k1         1      0.111111
  24      107     global_bridge           0      0.000000
  24      141     global_bridge           0      0.000000
  24      25      bond                    0      0.500000
  24      26      bond                    0      0.333333
  24      27      bond                    0      0.222222
  25      28      bond                    0      0.375000
  25      50      global_bridge           0      0.000000
  25      26      bond                    0      0.500000
  25      27      bond                    0      0.375000
  25      156     global_bridge           0      0.000000
  26      112     bond                    0      0.200000
  26      66      global_bridge           0      0.000000
  26      110     local_bridge_k1         1      0.100000
  26      176     global_bridge           0      0.000000
  26      122     global_bridge           0      0.000000
  26      27      bond                    0      0.400000
  26      28      bond                    0      0.500000
  26      29      bond                    0      0.250000
  27      192     global_bridge           0      0.000000
  27      196     local_bridge_k1         1      0.100000
  27      105     global_bridge           0      0.000000
  27      49      local_bridge_k1         1      0.090909
  27      187     global_bridge           0      0.000000
  27      28      bond                    0      0.363636
  27      29      bond                    0      0.375000
  27      30      bond                    0      0.285714
  28      150     global_bridge           0      0.000000
  28      169     global_bridge           0      0.000000
  28      29      bond                    0      0.500000
  28      112     local_bridge_k1         1      0.090909
  28      54      global_bridge           0      0.000000
  28      189     global_bridge           0      0.000000
  28      30      bond                    0      0.428571
  28      31      local_bridge_k1         1      0.181818
  29      32      bond                    0      0.250000
  29      108     local_bridge_k1         1      0.125000
  29      109     local_bridge_k1         1      0.125000
  29      30      bond                    0      0.571429
  29      31      bond                    0      0.375000
  30      32      bond                    0      0.428571
  30      33      bond                    0      0.285714
  30      96      global_bridge           0      0.000000
  30      173     global_bridge           0      0.000000
  30      31      bond                    0      0.571429
  31      32      bond                    0      0.400000
  31      33      bond                    0      0.333333
  31      34      bond                    0      0.200000
  31      67      global_bridge           0      0.000000
  31      53      global_bridge           0      0.000000
  31      185     global_bridge           0      0.000000
  32      33      bond                    0      0.444444
  32      34      bond                    0      0.300000
  32      35      bond                    0      0.200000
  32      165     global_bridge           0      0.000000
  32      97      global_bridge           0      0.000000
  32      129     global_bridge           0      0.000000
  32      171     global_bridge           0      0.000000
  32      136     global_bridge           0      0.000000
  33      34      bond                    0      0.444444
  33      35      bond                    0      0.333333
  33      36      bond                    0      0.222222
  33      109     global_bridge           0      0.000000
  33      174     global_bridge           0      0.000000
  33      144     global_bridge           0      0.000000
  33      66      global_bridge           0      0.000000
  34      35      bond                    0      0.500000
  34      36      bond                    0      0.400000
  34      37      bond                    0      0.300000
  34      39      bond                    0      0.200000
  34      49      global_bridge           0      0.000000
  34      114     global_bridge           0      0.000000
  34      118     global_bridge           0      0.000000
  35      36      bond                    0      0.400000
  35      37      bond                    0      0.300000
  35      38      bond                    0      0.250000
  35      74      global_bridge           0      0.000000
  35      197     local_bridge_k1         1      0.111111
  35      86      global_bridge           0      0.000000
  35      198     bond                    0      0.222222
  36      37      bond                    0      0.500000
  36      38      bond                    0      0.375000
  36      39      bond                    0      0.400000
  36      168     local_bridge_k1         1      0.125000
  36      163     global_bridge           0      0.000000
  36      88      local_bridge_k1         1      0.100000
  36      185     local_bridge_k1         1      0.100000
  36      93      local_bridge_k1         1      0.125000
  37      38      bond                    0      0.500000
  37      39      bond                    0      0.400000
  37      40      bond                    0      0.200000
  37      139     global_bridge           0      0.000000
  37      98      global_bridge           0      0.000000
  37      47      global_bridge           0      0.000000
  37      131     global_bridge           0      0.000000
  37      93      local_bridge_k1         1      0.125000
  38      39      bond                    0      0.625000
  38      40      bond                    0      0.375000
  38      41      bond                    0      0.250000
  38      179     global_bridge           0      0.000000
  38      126     local_bridge_k1         1      0.125000
  38      127     bond                    0      0.250000
  39      40      bond                    0      0.400000
  39      41      bond                    0      0.300000
  39      42      bond                    0      0.285714
  39      168     local_bridge_k1         1      0.125000
  39      178     global_bridge           0      0.000000
  39      127     local_bridge_k1         1      0.100000
  40      194     local_bridge_k1         1      0.100000
  40      41      bond                    0      0.363636
  40      42      bond                    0      0.428571
  40      43      bond                    0      0.285714
  40      112     local_bridge_k1         1      0.090909
  40      82      local_bridge_k1         1      0.125000
  40      83      local_bridge_k1         1      0.090909
  40      58      global_bridge           0      0.000000
  41      193     global_bridge           0      0.000000
  41      43      bond                    0      0.428571
  41      42      bond                    0      0.571429
  41      75      global_bridge           0      0.000000
  41      44      bond                    0      0.285714
  41      99      global_bridge           0      0.000000
  41      86      local_bridge_k1         1      0.090909
  41      87      local_bridge_k1         1      0.100000
  42      43      bond                    0      0.571429
  42      44      bond                    0      0.428571
  42      45      bond                    0      0.285714
  42      113     global_bridge           0      0.000000
  42      137     global_bridge           0      0.000000
  43      66      local_bridge_k1         1      0.142857
  43      44      bond                    0      0.571429
  43      45      bond                    0      0.428571
  43      46      bond                    0      0.428571
  43      185     global_bridge           0      0.000000
  44      45      bond                    0      0.571429
  44      46      bond                    0      0.428571
  44      47      bond                    0      0.285714
  44      175     global_bridge           0      0.000000
  44      60      global_bridge           0      0.000000
  45      46      bond                    0      0.363636
  45      47      bond                    0      0.300000
  45      48      bond                    0      0.300000
  45      148     global_bridge           0      0.000000
  45      181     global_bridge           0      0.000000
  45      54      local_bridge_k1         1      0.111111
  45      125     global_bridge           0      0.000000
  45      159     global_bridge           0      0.000000
  46      66      local_bridge_k1         1      0.083333
  46      167     global_bridge           0      0.000000
  46      72      global_bridge           0      0.000000
  46      47      bond                    0      0.400000
  46      48      bond                    0      0.300000
  46      49      local_bridge_k1         1      0.181818
  46      180     global_bridge           0      0.000000
  46      55      global_bridge           0      0.000000
  46      87      global_bridge           0      0.000000
  46      190     global_bridge           0      0.000000
  47      100     global_bridge           0      0.000000
  47      107     global_bridge           0      0.000000
  47      140     local_bridge_k1         1      0.100000
  47      143     local_bridge_k1         1      0.100000
  47      48      bond                    0      0.400000
  47      49      bond                    0      0.300000
  47      50      bond                    0      0.200000
  48      195     local_bridge_k1         1      0.111111
  48      77      local_bridge_k1         1      0.100000
  48      49      bond                    0      0.400000
  48      50      bond                    0      0.300000
  48      51      bond                    0      0.300000
  48      84      global_bridge           0      0.000000
  48      54      bond                    0      0.222222
  48      116     global_bridge           0      0.000000
  49      51      bond                    0      0.272727
  49      196     bond                    0      0.200000
  49      179     global_bridge           0      0.000000
  49      50      bond                    0      0.454545
  49      147     global_bridge           0      0.000000
  49      52      bond                    0      0.250000
  49      59      global_bridge           0      0.000000
  50      196     local_bridge_k1         1      0.100000
  50      167     local_bridge_k1         1      0.083333
  50      51      bond                    0      0.363636
  50      52      bond                    0      0.500000
  50      53      bond                    0      0.200000
  50      88      global_bridge           0      0.000000
  50      79      local_bridge_k1         1      0.100000
  50      159     global_bridge           0      0.000000
  51      129     global_bridge           0      0.000000
  51      68      local_bridge_k1         1      0.125000
  51      67      local_bridge_k1         1      0.111111
  51      52      bond                    0      0.500000
  51      53      bond                    0      0.400000
  51      54      bond                    0      0.333333
  51      157     global_bridge           0      0.000000
  52      168     global_bridge           0      0.000000
  52      73      global_bridge           0      0.000000
  52      53      bond                    0      0.500000
  52      54      bond                    0      0.375000
  52      55      bond                    0      0.375000
  53      194     global_bridge           0      0.000000
  53      65      global_bridge           0      0.000000
  53      54      bond                    0      0.444444
  53      55      bond                    0      0.300000
  53      56      bond                    0      0.285714
  54      55      bond                    0      0.444444
  54      56      bond                    0      0.428571
  54      57      bond                    0      0.250000
  54      190     global_bridge           0      0.000000
  55      80      local_bridge_k1         1      0.125000
  55      196     global_bridge           0      0.000000
  55      112     global_bridge           0      0.000000
  55      83      local_bridge_k1         1      0.090909
  55      56      bond                    0      0.571429
  55      57      bond                    0      0.375000
  55      58      bond                    0      0.222222
  56      97      global_bridge           0      0.000000
  56      57      bond                    0      0.571429
  56      58      bond                    0      0.571429
  56      59      bond                    0      0.285714
  57      180     global_bridge           0      0.000000
  57      94      global_bridge           0      0.000000
  57      58      bond                    0      0.500000
  57      59      bond                    0      0.375000
  57      60      bond                    0      0.250000
  57      126     global_bridge           0      0.000000
  58      198     global_bridge           0      0.000000
  58      59      bond                    0      0.444444
  58      60      bond                    0      0.333333
  58      61      bond                    0      0.222222
  59      161     global_bridge           0      0.000000
  59      123     global_bridge           0      0.000000
  59      60      bond                    0      0.444444
  59      61      bond                    0      0.333333
  59      62      bond                    0      0.285714
  60      73      global_bridge           0      0.000000
  60      150     global_bridge           0      0.000000
  60      184     global_bridge           0      0.000000
  60      61      bond                    0      0.400000
  60      62      bond                    0      0.428571
  60      63      bond                    0      0.200000
  61      64      local_bridge_k1         1      0.181818
  61      97      global_bridge           0      0.000000
  61      137     global_bridge           0      0.000000
  61      142     global_bridge           0      0.000000
  61      62      bond                    0      0.571429
  61      89      global_bridge           0      0.000000
  61      126     global_bridge           0      0.000000
  61      63      bond                    0      0.300000
  62      64      bond                    0      0.428571
  62      65      bond                    0      0.428571
  62      74      global_bridge           0      0.000000
  62      63      bond                    0      0.571429
  63      64      bond                    0      0.400000
  63      65      bond                    0      0.300000
  63      66      bond                    0      0.300000
  63      101     global_bridge           0      0.000000
  63      139     global_bridge           0      0.000000
  63      113     global_bridge           0      0.000000
  63      91      global_bridge           0      0.000000
  63      69      local_bridge_k1         1      0.111111
  64      65      bond                    0      0.400000
  64      67      bond                    0      0.222222
  64      171     global_bridge           0      0.000000
  64      66      bond                    0      0.272727
  64      125     global_bridge           0      0.000000
  64      145     global_bridge           0      0.000000
  64      182     global_bridge           0      0.000000
  64      151     global_bridge           0      0.000000
  65      66      bond                    0      0.400000
  65      67      bond                    0      0.333333
  65      68      bond                    0      0.250000
  65      112     global_bridge           0      0.000000
  65      127     global_bridge           0      0.000000
  66      67      bond                    0      0.444444
  66      68      bond                    0      0.375000
  66      69      bond                    0      0.333333
  66      188     global_bridge           0      0.000000
  66      128     global_bridge           0      0.000000
  66      82      global_bridge           0      0.000000
  66      142     global_bridge           0      0.000000
  66      153     global_bridge           0      0.000000
  66      117     global_bridge           0      0.000000
  67      68      bond                    0      0.625000
  67      69      bond                    0      0.333333
  67      70      bond                    0      0.222222
  67      110     global_bridge           0      0.000000
  67      91      global_bridge           0      0.000000
  68      69      bond                    0      0.500000
  68      70      bond                    0      0.375000
  68      71      bond                    0      0.285714
  68      162     global_bridge           0      0.000000
  69      70      bond                    0      0.444444
  69      71      bond                    0      0.428571
  69      72      bond                    0      0.222222
  69      108     global_bridge           0      0.000000
  69      127     local_bridge_k1         1      0.111111
  69      126     local_bridge_k1         1      0.111111
  70      160     local_bridge_k1         1      0.111111
  70      193     global_bridge           0      0.000000
  70      71      bond                    0      0.571429
  70      72      bond                    0      0.333333
  70      73      bond                    0      0.333333
  70      146     global_bridge           0      0.000000
  71      161     global_bridge           0      0.000000
  71      72      bond                    0      0.571429
  71      73      bond                    0      0.428571
  71      74      bond                    0      0.285714
  71      152     global_bridge           0      0.000000
  72      100     global_bridge           0      0.000000
  72      73      bond                    0      0.416667
  72      74      bond                    0      0.375000
  72      75      local_bridge_k1         1      0.181818
  72      113     local_bridge_k1         1      0.090909
  72      115     local_bridge_k1         1      0.083333
  72      122     global_bridge           0      0.000000
  73      160     local_bridge_k1         1      0.083333
  73      197     global_bridge           0      0.000000
  73      74      bond                    0      0.500000
  73      75      bond                    0      0.272727
  73      76      bond                    0      0.285714
  73      179     global_bridge           0      0.000000
  73      138     global_bridge           0      0.000000
  74      75      bond                    0      0.500000
  74      76      bond                    0      0.428571
  74      77      bond                    0      0.250000
  74      84      global_bridge           0      0.000000
  75      76      bond                    0      0.571429
  75      78      bond                    0      0.375000
  75      77      bond                    0      0.272727
  75      176     bond                    0      0.222222
  75      177     local_bridge_k1         1      0.142857
  75      105     local_bridge_k1         1      0.090909
  76      164     global_bridge           0      0.000000
  76      77      bond                    0      0.571429
  76      78      bond                    0      0.428571
  76      79      bond                    0      0.285714
  76      184     global_bridge           0      0.000000
  77      80      bond                    0      0.250000
  77      195     local_bridge_k1         1      0.111111
  77      102     global_bridge           0      0.000000
  77      78      bond                    0      0.500000
  77      79      bond                    0      0.300000
  77      115     global_bridge           0      0.000000
  77      152     global_bridge           0      0.000000
  77      126     global_bridge           0      0.000000
  78      104     local_bridge_k1         1      0.142857
  78      105     bond                    0      0.375000
  78      79      bond                    0      0.500000
  78      80      bond                    0      0.375000
  78      81      bond                    0      0.250000
  79      160     global_bridge           0      0.000000
  79      82      bond                    0      0.250000
  79      167     local_bridge_k1         1      0.100000
  79      135     global_bridge           0      0.000000
  79      80      bond                    0      0.500000
  79      81      bond                    0      0.375000
  79      147     global_bridge           0      0.000000
  80      81      bond                    0      0.500000
  80      145     global_bridge           0      0.000000
  80      82      bond                    0      0.375000
  80      83      bond                    0      0.375000
  81      82      bond                    0      0.500000
  81      83      bond                    0      0.375000
  81      84      bond                    0      0.250000
  81      181     global_bridge           0      0.000000
  81      119     global_bridge           0      0.000000
  82      83      bond                    0      0.625000
  82      84      bond                    0      0.375000
  82      85      bond                    0      0.375000
  82      136     local_bridge_k1         1      0.125000
  83      161     global_bridge           0      0.000000
  83      105     local_bridge_k1         1      0.090909
  83      106     local_bridge_k1         1      0.100000
  83      84      bond                    0      0.363636
  83      85      bond                    0      0.375000
  83      86      local_bridge_k1         1      0.181818
  83      121     global_bridge           0      0.000000
  83      116     global_bridge           0      0.000000
  84      176     global_bridge           0      0.000000
  84      140     global_bridge           0      0.000000
  84      85      bond                    0      0.500000
  84      86      bond                    0      0.272727
  84      87      bond                    0      0.200000
  85      136     local_bridge_k1         1      0.125000
  85      87      bond                    0      0.375000
  85      86      bond                    0      0.500000
  85      183     global_bridge           0      0.000000
  85      88      bond                    0      0.250000
  86      194     global_bridge           0      0.000000
  86      165     local_bridge_k1         1      0.090909
  86      173     global_bridge           0      0.000000
  86      143     local_bridge_k1         1      0.090909
  86      87      bond                    0      0.500000
  86      88      bond                    0      0.272727
  86      89      bond                    0      0.222222
  87      88      bond                    0      0.400000
  87      89      bond                    0      0.333333
  87      90      bond                    0      0.222222
  87      155     local_bridge_k1         1      0.125000
  87      158     local_bridge_k1         1      0.100000
  87      181     global_bridge           0      0.000000
  88      195     global_bridge           0      0.000000
  88      109     global_bridge           0      0.000000
  88      89      bond                    0      0.444444
  88      90      bond                    0      0.333333
  88      91      bond                    0      0.200000
  88      185     local_bridge_k1         1      0.100000
  89      136     global_bridge           0      0.000000
  89      189     global_bridge           0      0.000000
  89      90      bond                    0      0.444444
  89      91      bond                    0      0.333333
  89      92      bond                    0      0.222222
  90      123     global_bridge           0      0.000000
  90      184     global_bridge           0      0.000000
  90      91      bond                    0      0.555556
  90      92      bond                    0      0.444444
  90      93      bond                    0      0.375000
  90      94      bond                    0      0.333333
  90      191     global_bridge           0      0.000000
  91      193     global_bridge           0      0.000000
  91      182     global_bridge           0      0.000000
  91      187     global_bridge           0      0.000000
  91      92      bond                    0      0.400000
  91      93      bond                    0      0.375000
  91      94      bond                    0      0.333333
  92      97      bond                    0      0.300000
  92      103     global_bridge           0      0.000000
  92      137     global_bridge           0      0.000000
  92      110     global_bridge           0      0.000000
  92      150     global_bridge           0      0.000000
  92      93      bond                    0      0.625000
  92      94      bond                    0      0.555556
  92      95      bond                    0      0.375000
  93      96      bond                    0      0.428571
  93      97      bond                    0      0.500000
  93      94      bond                    0      0.750000
  93      95      bond                    0      0.500000
  94      96      bond                    0      0.428571
  94      97      bond                    0      0.444444
  94      192     global_bridge           0      0.000000
  94      154     global_bridge           0      0.000000
  94      95      bond                    0      0.500000
  95      96      bond                    0      0.571429
  95      97      bond                    0      0.625000
  95      98      bond                    0      0.250000
  95      173     global_bridge           0      0.000000
  95      145     local_bridge_k1         1      0.125000
  95      147     local_bridge_k1         1      0.125000
  96      97      bond                    0      0.857143
  96      98      bond                    0      0.428571
  96      99      bond                    0      0.285714
  96      140     local_bridge_k1         1      0.142857
  97      99      bond                    0      0.333333
  97      100     bond                    0      0.200000
  97      140     local_bridge_k1         1      0.100000
  97      98      bond                    0      0.400000
  98      99      bond                    0      0.444444
  98      100     bond                    0      0.300000
  98      160     global_bridge           0      0.000000
  98      143     global_bridge           0      0.000000
  98      149     global_bridge           0      0.000000
  98      191     global_bridge           0      0.000000
  98      101     bond                    0      0.222222
  99      131     global_bridge           0      0.000000
  99      100     bond                    0      0.444444
  99      101     bond                    0      0.333333
  99      102     bond                    0      0.250000
  99      148     global_bridge           0      0.000000
  99      184     global_bridge           0      0.000000
  100     101     bond                    0      0.444444
  100     102     bond                    0      0.375000
  100     103     bond                    0      0.200000
  100     129     global_bridge           0      0.000000
  100     120     global_bridge           0      0.000000
  101     128     global_bridge           0      0.000000
  101     102     bond                    0      0.500000
  101     103     bond                    0      0.333333
  101     104     bond                    0      0.285714
  101     137     global_bridge           0      0.000000
  101     150     global_bridge           0      0.000000
  102     198     global_bridge           0      0.000000
  102     103     bond                    0      0.500000
  102     104     bond                    0      0.428571
  102     105     bond                    0      0.250000
  103     160     global_bridge           0      0.000000
  103     104     bond                    0      0.571429
  103     105     bond                    0      0.272727
  103     106     bond                    0      0.200000
  103     184     global_bridge           0      0.000000
  103     138     global_bridge           0      0.000000
  104     105     bond                    0      0.714286
  104     106     bond                    0      0.428571
  104     107     bond                    0      0.285714
  104     188     global_bridge           0      0.000000
  105     107     bond                    0      0.300000
  105     106     bond                    0      0.500000
  105     108     bond                    0      0.222222
  105     124     global_bridge           0      0.000000
  106     170     global_bridge           0      0.000000
  106     107     bond                    0      0.400000
  106     108     bond                    0      0.333333
  106     109     bond                    0      0.200000
  106     175     global_bridge           0      0.000000
  106     158     global_bridge           0      0.000000
  107     118     global_bridge           0      0.000000
  107     108     bond                    0      0.444444
  107     109     bond                    0      0.300000
  107     110     bond                    0      0.200000
  107     150     global_bridge           0      0.000000
  107     125     global_bridge           0      0.000000
  108     109     bond                    0      0.555556
  108     110     bond                    0      0.333333
  108     111     bond                    0      0.222222
  108     133     global_bridge           0      0.000000
  109     115     local_bridge_k1         1      0.090909
  109     110     bond                    0      0.363636
  109     111     bond                    0      0.300000
  109     112     bond                    0      0.272727
  109     179     global_bridge           0      0.000000
  110     165     global_bridge           0      0.000000
  110     156     local_bridge_k1         1      0.125000
  110     111     bond                    0      0.400000
  110     112     bond                    0      0.333333
  110     113     bond                    0      0.272727
  110     183     global_bridge           0      0.000000
  110     197     global_bridge           0      0.000000
  111     112     bond                    0      0.400000
  111     113     bond                    0      0.300000
  111     114     bond                    0      0.200000
  111     180     local_bridge_k1         1      0.100000
  111     174     global_bridge           0      0.000000
  111     120     local_bridge_k1         1      0.111111
  111     123     local_bridge_k1         1      0.100000
  111     157     local_bridge_k1         1      0.100000
  112     194     local_bridge_k1         1      0.100000
  112     114     bond                    0      0.300000
  112     113     bond                    0      0.363636
  112     146     global_bridge           0      0.000000
  112     115     bond                    0      0.230769
  112     158     global_bridge           0      0.000000
  113     114     bond                    0      0.400000
  113     115     bond                    0      0.363636
  113     116     bond                    0      0.250000
  113     151     local_bridge_k1         1      0.090909
  113     148     local_bridge_k1         1      0.090909
  113     156     local_bridge_k1         1      0.125000
  114     115     bond                    0      0.400000
  114     116     bond                    0      0.375000
  114     117     bond                    0      0.222222
  114     183     global_bridge           0      0.000000
  114     124     global_bridge           0      0.000000
  114     133     global_bridge           0      0.000000
  115     132     global_bridge           0      0.000000
  115     165     global_bridge           0      0.000000
  115     138     global_bridge           0      0.000000
  115     116     bond                    0      0.500000
  115     117     bond                    0      0.333333
  115     118     bond                    0      0.222222
  115     159     global_bridge           0      0.000000
  115     127     global_bridge           0      0.000000
  116     179     global_bridge           0      0.000000
  116     117     bond                    0      0.500000
  116     118     bond                    0      0.375000
  116     119     bond                    0      0.250000
  117     118     bond                    0      0.444444
  117     119     bond                    0      0.375000
  117     120     bond                    0      0.222222
  117     185     global_bridge           0      0.000000
  117     125     global_bridge           0      0.000000
  118     164     global_bridge           0      0.000000
  118     119     bond                    0      0.500000
  118     120     bond                    0      0.444444
  118     121     bond                    0      0.250000
  118     126     local_bridge_k1         1      0.111111
  119     134     global_bridge           0      0.000000
  119     151     global_bridge           0      0.000000
  119     120     bond                    0      0.500000
  119     121     bond                    0      0.375000
  119     122     bond                    0      0.250000
  120     152     global_bridge           0      0.000000
  120     121     bond                    0      0.500000
  120     122     bond                    0      0.375000
  120     123     bond                    0      0.444444
  120     126     bond                    0      0.222222
  121     122     bond                    0      0.500000
  121     123     bond                    0      0.375000
  121     124     bond                    0      0.375000
  121     158     local_bridge_k1         1      0.125000
  122     123     bond                    0      0.500000
  122     124     bond                    0      0.375000
  122     125     bond                    0      0.250000
  123     125     bond                    0      0.300000
  123     148     global_bridge           0      0.000000
  123     124     bond                    0      0.444444
  123     126     bond                    0      0.300000
  124     197     global_bridge           0      0.000000
  124     126     bond                    0      0.333333
  124     125     bond                    0      0.444444
  124     158     local_bridge_k1         1      0.111111
  124     127     bond                    0      0.222222
  125     128     bond                    0      0.200000
  125     134     global_bridge           0      0.000000
  125     126     bond                    0      0.400000
  125     127     bond                    0      0.300000
  126     128     bond                    0      0.400000
  126     129     bond                    0      0.250000
  126     131     local_bridge_k1         1      0.181818
  126     187     global_bridge           0      0.000000
  126     127     bond                    0      0.545455
  127     128     bond                    0      0.400000
  127     130     bond                    0      0.200000
  127     129     bond                    0      0.272727
  127     155     global_bridge           0      0.000000
  128     129     bond                    0      0.400000
  128     131     bond                    0      0.400000
  128     133     bond                    0      0.200000
  128     130     bond                    0      0.400000
  128     143     global_bridge           0      0.000000
  128     154     global_bridge           0      0.000000
  129     130     bond                    0      0.500000
  129     131     bond                    0      0.454545
  129     167     global_bridge           0      0.000000
  129     160     local_bridge_k1         1      0.166667
  129     149     global_bridge           0      0.000000
  129     184     global_bridge           0      0.000000
  129     132     bond                    0      0.250000
  130     131     bond                    0      0.600000
  130     132     bond                    0      0.375000
  130     133     bond                    0      0.400000
  130     137     global_bridge           0      0.000000
  130     160     bond                    0      0.300000
  130     178     global_bridge           0      0.000000
  131     132     bond                    0      0.500000
  131     160     local_bridge_k1         1      0.181818
  131     134     local_bridge_k1         1      0.181818
  131     133     bond                    0      0.363636
  132     133     bond                    0      0.625000
  132     134     bond                    0      0.375000
  132     135     bond                    0      0.333333
  132     151     local_bridge_k1         1      0.125000
  133     134     bond                    0      0.363636
  133     135     bond                    0      0.500000
  133     136     local_bridge_k1         1      0.166667
  133     148     local_bridge_k1         1      0.090909
  133     151     local_bridge_k1         1      0.166667
  133     140     global_bridge           0      0.000000
  134     135     bond                    0      0.666667
  134     136     bond                    0      0.272727
  134     189     local_bridge_k1         1      0.100000
  134     137     local_bridge_k1         1      0.181818
  134     186     local_bridge_k1         1      0.111111
  134     159     global_bridge           0      0.000000
  135     136     bond                    0      0.666667
  135     137     bond                    0      0.500000
  135     138     bond                    0      0.333333
  136     161     global_bridge           0      0.000000
  136     137     bond                    0      0.363636
  136     138     bond                    0      0.272727
  136     139     bond                    0      0.272727
  136     142     local_bridge_k1         1      0.111111
  136     152     global_bridge           0      0.000000
  137     139     bond                    0      0.272727
  137     140     bond                    0      0.200000
  137     138     bond                    0      0.363636
  137     151     global_bridge           0      0.000000
  138     139     bond                    0      0.363636
  138     140     bond                    0      0.300000
  138     141     bond                    0      0.250000
  138     146     global_bridge           0      0.000000
  138     150     global_bridge           0      0.000000
  138     199     global_bridge           0      0.000000
  139     164     global_bridge           0      0.000000
  139     140     bond                    0      0.400000
  139     141     bond                    0      0.375000
  139     142     bond                    0      0.444444
  139     145     local_bridge_k1         1      0.090909
  139     169     global_bridge           0      0.000000
  140     141     bond                    0      0.500000
  140     142     bond                    0      0.333333
  140     143     bond                    0      0.300000
  141     142     bond                    0      0.500000
  141     143     bond                    0      0.375000
  141     144     bond                    0      0.375000
  141     149     global_bridge           0      0.000000
  141     190     local_bridge_k1         1      0.125000
  142     170     global_bridge           0      0.000000
  142     143     bond                    0      0.444444
  142     144     bond                    0      0.333333
  142     145     bond                    0      0.333333
  143     144     bond                    0      0.400000
  143     165     local_bridge_k1         1      0.090909
  143     145     bond                    0      0.272727
  143     146     bond                    0      0.222222
  143     183     global_bridge           0      0.000000
  143     150     global_bridge           0      0.000000
  144     172     global_bridge           0      0.000000
  144     145     bond                    0      0.400000
  144     146     bond                    0      0.333333
  144     147     bond                    0      0.250000
  144     157     global_bridge           0      0.000000
  144     190     local_bridge_k1         1      0.100000
  145     193     global_bridge           0      0.000000
  145     146     bond                    0      0.444444
  145     178     global_bridge           0      0.000000
  145     147     bond                    0      0.500000
  145     148     local_bridge_k1         1      0.181818
  146     147     bond                    0      0.500000
  146     148     bond                    0      0.333333
  146     149     bond                    0      0.222222
  147     148     bond                    0      0.500000
  147     149     bond                    0      0.375000
  147     150     bond                    0      0.250000
  148     155     global_bridge           0      0.000000
  148     149     bond                    0      0.363636
  148     150     bond                    0      0.272727
  148     151     bond                    0      0.363636
  149     163     global_bridge           0      0.000000
  149     150     bond                    0      0.363636
  149     151     bond                    0      0.272727
  149     152     bond                    0      0.200000
  150     151     bond                    0      0.333333
  150     152     bond                    0      0.300000
  150     153     bond                    0      0.250000
  151     199     global_bridge           0      0.000000
  151     152     bond                    0      0.400000
  151     153     bond                    0      0.375000
  151     154     bond                    0      0.250000
  152     153     bond                    0      0.500000
  152     154     bond                    0      0.375000
  152     155     bond                    0      0.250000
  153     193     local_bridge_k1         1      0.125000
  153     166     global_bridge           0      0.000000
  153     154     bond                    0      0.625000
  153     155     bond                    0      0.375000
  153     156     bond                    0      0.250000
  154     193     local_bridge_k1         1      0.125000
  154     155     bond                    0      0.500000
  154     156     bond                    0      0.375000
  154     157     bond                    0      0.250000
  155     156     bond                    0      0.500000
  155     157     bond                    0      0.375000
  155     158     bond                    0      0.375000
  156     157     bond                    0      0.500000
  156     158     bond                    0      0.375000
  156     159     bond                    0      0.250000
  157     160     local_bridge_k1         1      0.181818
  157     180     bond                    0      0.200000
  157     182     local_bridge_k1         1      0.125000
  157     189     global_bridge           0      0.000000
  157     158     bond                    0      0.363636
  157     159     bond                    0      0.300000
  158     160     bond                    0      0.250000
  158     161     bond                    0      0.200000
  158     159     bond                    0      0.400000
  158     191     global_bridge           0      0.000000
  159     160     bond                    0      0.400000
  159     161     bond                    0      0.300000
  159     162     bond                    0      0.200000
  159     169     global_bridge           0      0.000000
  160     162     bond                    0      0.300000
  160     161     bond                    0      0.400000
  160     163     bond                    0      0.200000
  161     162     bond                    0      0.400000
  161     163     bond                    0      0.300000
  161     164     bond                    0      0.200000
  161     194     global_bridge           0      0.000000
  162     163     bond                    0      0.400000
  162     165     bond                    0      0.200000
  162     172     global_bridge           0      0.000000
  162     164     bond                    0      0.300000
  162     186     global_bridge           0      0.000000
  163     166     bond                    0      0.222222
  163     177     global_bridge           0      0.000000
  163     164     bond                    0      0.500000
  163     188     global_bridge           0      0.000000
  163     165     bond                    0      0.400000
  164     166     bond                    0      0.333333
  164     167     bond                    0      0.200000
  164     174     global_bridge           0      0.000000
  164     165     bond                    0      0.500000
  165     166     bond                    0      0.444444
  165     167     bond                    0      0.272727
  165     168     bond                    0      0.250000
  166     167     bond                    0      0.555556
  166     168     bond                    0      0.375000
  166     169     bond                    0      0.222222
  167     168     bond                    0      0.500000
  167     169     bond                    0      0.300000
  167     170     bond                    0      0.250000
  167     179     global_bridge           0      0.000000
  168     171     bond                    0      0.250000
  168     169     bond                    0      0.500000
  168     170     bond                    0      0.375000
  169     192     global_bridge           0      0.000000
  169     171     bond                    0      0.333333
  169     170     bond                    0      0.500000
  169     172     bond                    0      0.285714
  170     171     bond                    0      0.500000
  170     172     bond                    0      0.428571
  170     173     bond                    0      0.250000
  171     193     global_bridge           0      0.000000
  171     172     bond                    0      0.571429
  171     173     bond                    0      0.375000
  171     174     bond                    0      0.333333
  172     173     bond                    0      0.571429
  172     174     bond                    0      0.428571
  172     175     bond                    0      0.285714
  173     174     bond                    0      0.500000
  173     175     bond                    0      0.375000
  173     176     bond                    0      0.250000
  174     175     bond                    0      0.555556
  174     176     bond                    0      0.444444
  174     177     bond                    0      0.428571
  174     178     bond                    0      0.300000
  175     176     bond                    0      0.444444
  175     177     bond                    0      0.428571
  175     178     bond                    0      0.333333
  175     190     global_bridge           0      0.000000
  176     177     bond                    0      0.714286
  176     178     bond                    0      0.444444
  176     179     bond                    0      0.222222
  177     178     bond                    0      0.714286
  177     179     bond                    0      0.428571
  177     180     bond                    0      0.285714
  178     179     bond                    0      0.400000
  178     180     bond                    0      0.300000
  178     181     bond                    0      0.200000
  179     181     bond                    0      0.272727
  179     182     bond                    0      0.250000
  179     180     bond                    0      0.400000
  180     181     bond                    0      0.400000
  180     182     bond                    0      0.500000
  180     183     bond                    0      0.200000
  180     191     global_bridge           0      0.000000
  181     195     global_bridge           0      0.000000
  181     183     bond                    0      0.272727
  181     182     bond                    0      0.500000
  181     184     local_bridge_k1         1      0.166667
  182     183     bond                    0      0.500000
  182     184     bond                    0      0.375000
  182     185     bond                    0      0.250000
  183     196     global_bridge           0      0.000000
  183     184     bond                    0      0.363636
  183     185     bond                    0      0.300000
  183     186     bond                    0      0.222222
  184     185     bond                    0      0.400000
  184     187     bond                    0      0.222222
  184     186     bond                    0      0.333333
  185     186     bond                    0      0.444444
  185     187     bond                    0      0.333333
  185     188     bond                    0      0.250000
  186     187     bond                    0      0.444444
  186     188     bond                    0      0.375000
  186     189     bond                    0      0.333333
  187     190     bond                    0      0.222222
  187     188     bond                    0      0.500000
  187     189     bond                    0      0.333333
  188     189     bond                    0      0.500000
  188     190     bond                    0      0.375000
  188     191     bond                    0      0.250000
  189     192     bond                    0      0.222222
  189     190     bond                    0      0.500000
  189     191     bond                    0      0.300000
  190     192     bond                    0      0.333333
  190     193     local_bridge_k1         1      0.166667
  190     191     bond                    0      0.400000
  191     192     bond                    0      0.444444
  191     193     bond                    0      0.300000
  191     194     bond                    0      0.200000
  192     193     bond                    0      0.444444
  192     194     bond                    0      0.333333
  192     195     bond                    0      0.222222
  193     194     bond                    0      0.400000
  193     195     bond                    0      0.333333
  193     196     bond                    0      0.200000
  194     195     bond                    0      0.444444
  194     196     bond                    0      0.300000
  194     197     bond                    0      0.222222
  195     196     bond                    0      0.444444
  195     197     bond                    0      0.333333
  195     198     bond                    0      0.222222
  196     197     bond                    0      0.444444
  196     198     bond                    0      0.333333
  196     199     bond                    0      0.285714
  197     198     bond                    0      0.555556
  197     199     bond                    0      0.428571
  198     199     bond                    0      0.571429
--------------------------------------------------------------------------------
