HETA 分析結果
================================================================================
節點數     : 200
邊數       : 1137
kmax       : 1
n_random   : 1000
執行時間   : 0.201 秒
原始 indexing : 1-indexed
節點座標   : 無（全 0）
================================================================================

分類統計
--------------------------------------------------------------------------------
  silk link      :    0 條  (  0.0%)
  bond link      :  558 條  ( 49.1%)
  local bridge   :  245 條  ( 21.5%)
  global bridge  :  334 條  ( 29.4%)
--------------------------------------------------------------------------------

R^1 (第一層共同鄰居比) 統計
--------------------------------------------------------------------------------
  min    : 0.000000
  max    : 0.666667
  mean   : 0.207289
  median : 0.200000
--------------------------------------------------------------------------------

節點座標 (Vertices)
--------------------------------------------------------------------------------
  id      x             y           
  ------  ------------  ------------
  0           0.000000      0.000000
  1           0.000000      0.000000
  2           0.000000      0.000000
  3           0.000000      0.000000
  4           0.000000      0.000000
  5           0.000000      0.000000
  6           0.000000      0.000000
  7           0.000000      0.000000
  8           0.000000      0.000000
  9           0.000000      0.000000
  10          0.000000      0.000000
  11          0.000000      0.000000
  12          0.000000      0.000000
  13          0.000000      0.000000
  14          0.000000      0.000000
  15          0.000000      0.000000
  16          0.000000      0.000000
  17          0.000000      0.000000
  18          0.000000      0.000000
  19          0.000000      0.000000
  20          0.000000      0.000000
  21          0.000000      0.000000
  22          0.000000      0.000000
  23          0.000000      0.000000
  24          0.000000      0.000000
  25          0.000000      0.000000
  26          0.000000      0.000000
  27          0.000000      0.000000
  28          0.000000      0.000000
  29          0.000000      0.000000
  30          0.000000      0.000000
  31          0.000000      0.000000
  32          0.000000      0.000000
  33          0.000000      0.000000
  34          0.000000      0.000000
  35          0.000000      0.000000
  36          0.000000      0.000000
  37          0.000000      0.000000
  38          0.000000      0.000000
  39          0.000000      0.000000
  40          0.000000      0.000000
  41          0.000000      0.000000
  42          0.000000      0.000000
  43          0.000000      0.000000
  44          0.000000      0.000000
  45          0.000000      0.000000
  46          0.000000      0.000000
  47          0.000000      0.000000
  48          0.000000      0.000000
  49          0.000000      0.000000
  50          0.000000      0.000000
  51          0.000000      0.000000
  52          0.000000      0.000000
  53          0.000000      0.000000
  54          0.000000      0.000000
  55          0.000000      0.000000
  56          0.000000      0.000000
  57          0.000000      0.000000
  58          0.000000      0.000000
  59          0.000000      0.000000
  60          0.000000      0.000000
  61          0.000000      0.000000
  62          0.000000      0.000000
  63          0.000000      0.000000
  64          0.000000      0.000000
  65          0.000000      0.000000
  66          0.000000      0.000000
  67          0.000000      0.000000
  68          0.000000      0.000000
  69          0.000000      0.000000
  70          0.000000      0.000000
  71          0.000000      0.000000
  72          0.000000      0.000000
  73          0.000000      0.000000
  74          0.000000      0.000000
  75          0.000000      0.000000
  76          0.000000      0.000000
  77          0.000000      0.000000
  78          0.000000      0.000000
  79          0.000000      0.000000
  80          0.000000      0.000000
  81          0.000000      0.000000
  82          0.000000      0.000000
  83          0.000000      0.000000
  84          0.000000      0.000000
  85          0.000000      0.000000
  86          0.000000      0.000000
  87          0.000000      0.000000
  88          0.000000      0.000000
  89          0.000000      0.000000
  90          0.000000      0.000000
  91          0.000000      0.000000
  92          0.000000      0.000000
  93          0.000000      0.000000
  94          0.000000      0.000000
  95          0.000000      0.000000
  96          0.000000      0.000000
  97          0.000000      0.000000
  98          0.000000      0.000000
  99          0.000000      0.000000
  100         0.000000      0.000000
  101         0.000000      0.000000
  102         0.000000      0.000000
  103         0.000000      0.000000
  104         0.000000      0.000000
  105         0.000000      0.000000
  106         0.000000      0.000000
  107         0.000000      0.000000
  108         0.000000      0.000000
  109         0.000000      0.000000
  110         0.000000      0.000000
  111         0.000000      0.000000
  112         0.000000      0.000000
  113         0.000000      0.000000
  114         0.000000      0.000000
  115         0.000000      0.000000
  116         0.000000      0.000000
  117         0.000000      0.000000
  118         0.000000      0.000000
  119         0.000000      0.000000
  120         0.000000      0.000000
  121         0.000000      0.000000
  122         0.000000      0.000000
  123         0.000000      0.000000
  124         0.000000      0.000000
  125         0.000000      0.000000
  126         0.000000      0.000000
  127         0.000000      0.000000
  128         0.000000      0.000000
  129         0.000000      0.000000
  130         0.000000      0.000000
  131         0.000000      0.000000
  132         0.000000      0.000000
  133         0.000000      0.000000
  134         0.000000      0.000000
  135         0.000000      0.000000
  136         0.000000      0.000000
  137         0.000000      0.000000
  138         0.000000      0.000000
  139         0.000000      0.000000
  140         0.000000      0.000000
  141         0.000000      0.000000
  142         0.000000      0.000000
  143         0.000000      0.000000
  144         0.000000      0.000000
  145         0.000000      0.000000
  146         0.000000      0.000000
  147         0.000000      0.000000
  148         0.000000      0.000000
  149         0.000000      0.000000
  150         0.000000      0.000000
  151         0.000000      0.000000
  152         0.000000      0.000000
  153         0.000000      0.000000
  154         0.000000      0.000000
  155         0.000000      0.000000
  156         0.000000      0.000000
  157         0.000000      0.000000
  158         0.000000      0.000000
  159         0.000000      0.000000
  160         0.000000      0.000000
  161         0.000000      0.000000
  162         0.000000      0.000000
  163         0.000000      0.000000
  164         0.000000      0.000000
  165         0.000000      0.000000
  166         0.000000      0.000000
  167         0.000000      0.000000
  168         0.000000      0.000000
  169         0.000000      0.000000
  170         0.000000      0.000000
  171         0.000000      0.000000
  172         0.000000      0.000000
  173         0.000000      0.000000
  174         0.000000      0.000000
  175         0.000000      0.000000
  176         0.000000      0.000000
  177         0.000000      0.000000
  178         0.000000      0.000000
  179         0.000000      0.000000
  180         0.000000      0.000000
  181         0.000000      0.000000
  182         0.000000      0.000000
  183         0.000000      0.000000
  184         0.000000      0.000000
  185         0.000000      0.000000
  186         0.000000      0.000000
  187         0.000000      0.000000
  188         0.000000      0.000000
  189         0.000000      0.000000
  190         0.000000      0.000000
  191         0.000000      0.000000
  192         0.000000      0.000000
  193         0.000000      0.000000
  194         0.000000      0.000000
  195         0.000000      0.000000
  196         0.000000      0.000000
  197         0.000000      0.000000
  198         0.000000      0.000000
  199         0.000000      0.000000
--------------------------------------------------------------------------------

逐邊分類結果 (含 R^1)
--------------------------------------------------------------------------------
  u       v       type                    layer  R^1       
  ------  ------  ----------------------  -----  ----------
  0       192     global_bridge           0      0.000000
  0       1       bond                    0      0.363636
  0       2       bond                    0      0.272727
  0       3       local_bridge_k1         1      0.181818
  0       197     bond                    0      0.222222
  0       198     bond                    0      0.300000
  0       199     bond                    0      0.444444
  0       103     global_bridge           0      0.000000
  0       143     global_bridge           0      0.000000
  0       127     local_bridge_k1         1      0.090909
  0       125     local_bridge_k1         1      0.090909
  0       65      global_bridge           0      0.000000
  1       129     local_bridge_k1         1      0.071429
  1       2       bond                    0      0.333333
  1       3       bond                    0      0.214286
  1       4       bond                    0      0.222222
  1       37      local_bridge_k1         1      0.071429
  1       198     local_bridge_k1         1      0.200000
  1       199     bond                    0      0.333333
  1       40      local_bridge_k1         1      0.100000
  1       131     local_bridge_k1         1      0.111111
  1       53      global_bridge           0      0.000000
  1       25      global_bridge           0      0.000000
  1       187     global_bridge           0      0.000000
  1       29      global_bridge           0      0.000000
  1       100     global_bridge           0      0.000000
  2       3       bond                    0      0.333333
  2       4       bond                    0      0.333333
  2       5       bond                    0      0.222222
  2       70      local_bridge_k1         1      0.100000
  2       199     bond                    0      0.222222
  2       136     local_bridge_k1         1      0.111111
  2       10      global_bridge           0      0.000000
  2       148     global_bridge           0      0.000000
  2       21      global_bridge           0      0.000000
  2       138     local_bridge_k1         1      0.200000
  2       63      global_bridge           0      0.000000
  3       4       bond                    0      0.555556
  3       5       bond                    0      0.333333
  3       6       local_bridge_k1         1      0.181818
  3       168     local_bridge_k1         1      0.111111
  3       89      local_bridge_k1         1      0.100000
  3       48      local_bridge_k1         1      0.076923
  3       17      local_bridge_k1         1      0.090909
  3       50      local_bridge_k1         1      0.166667
  3       86      local_bridge_k1         1      0.111111
  3       119     global_bridge           0      0.000000
  3       153     global_bridge           0      0.000000
  3       191     global_bridge           0      0.000000
  4       5       bond                    0      0.444444
  4       6       bond                    0      0.333333
  4       7       bond                    0      0.222222
  4       168     local_bridge_k1         1      0.111111
  4       45      local_bridge_k1         1      0.111111
  4       24      local_bridge_k1         1      0.111111
  4       130     global_bridge           0      0.000000
  5       6       bond                    0      0.444444
  5       7       bond                    0      0.333333
  5       8       bond                    0      0.222222
  5       41      global_bridge           0      0.000000
  5       79      global_bridge           0      0.000000
  5       87      global_bridge           0      0.000000
  5       188     global_bridge           0      0.000000
  6       192     global_bridge           0      0.000000
  6       7       bond                    0      0.363636
  6       8       bond                    0      0.300000
  6       9       local_bridge_k1         1      0.181818
  6       171     global_bridge           0      0.000000
  6       143     global_bridge           0      0.000000
  6       118     global_bridge           0      0.000000
  6       187     global_bridge           0      0.000000
  6       150     global_bridge           0      0.000000
  7       8       bond                    0      0.500000
  7       9       bond                    0      0.363636
  7       10      bond                    0      0.272727
  7       11      bond                    0      0.300000
  7       16      global_bridge           0      0.000000
  7       177     local_bridge_k1         1      0.090909
  7       180     local_bridge_k1         1      0.090909
  7       40      global_bridge           0      0.000000
  7       58      global_bridge           0      0.000000
  8       97      global_bridge           0      0.000000
  8       195     local_bridge_k1         1      0.100000
  8       9       bond                    0      0.500000
  8       10      bond                    0      0.300000
  8       11      bond                    0      0.400000
  8       23      local_bridge_k1         1      0.100000
  8       169     global_bridge           0      0.000000
  8       159     global_bridge           0      0.000000
  9       132     global_bridge           0      0.000000
  9       37      global_bridge           0      0.000000
  9       10      bond                    0      0.363636
  9       11      bond                    0      0.500000
  9       12      bond                    0      0.375000
  9       111     global_bridge           0      0.000000
  9       147     local_bridge_k1         1      0.090909
  9       181     local_bridge_k1         1      0.090909
  9       23      local_bridge_k1         1      0.090909
  10      11      bond                    0      0.500000
  10      12      bond                    0      0.500000
  10      13      bond                    0      0.300000
  10      15      local_bridge_k1         1      0.200000
  10      85      local_bridge_k1         1      0.090909
  10      185     local_bridge_k1         1      0.090909
  10      25      global_bridge           0      0.000000
  10      55      global_bridge           0      0.000000
  11      193     local_bridge_k1         1      0.100000
  11      195     local_bridge_k1         1      0.200000
  11      12      bond                    0      0.500000
  11      13      bond                    0      0.300000
  11      14      local_bridge_k1         1      0.200000
  11      141     global_bridge           0      0.000000
  11      147     local_bridge_k1         1      0.100000
  12      39      global_bridge           0      0.000000
  12      13      bond                    0      0.500000
  12      14      bond                    0      0.375000
  12      15      bond                    0      0.375000
  12      146     global_bridge           0      0.000000
  12      181     local_bridge_k1         1      0.125000
  13      130     global_bridge           0      0.000000
  13      14      bond                    0      0.400000
  13      15      bond                    0      0.400000
  13      16      local_bridge_k1         1      0.200000
  13      74      global_bridge           0      0.000000
  13      143     global_bridge           0      0.000000
  13      29      local_bridge_k1         1      0.100000
  13      30      local_bridge_k1         1      0.100000
  14      136     global_bridge           0      0.000000
  14      15      bond                    0      0.400000
  14      16      bond                    0      0.300000
  14      17      local_bridge_k1         1      0.200000
  14      154     global_bridge           0      0.000000
  14      59      global_bridge           0      0.000000
  14      188     global_bridge           0      0.000000
  14      126     global_bridge           0      0.000000
  15      193     global_bridge           0      0.000000
  15      16      bond                    0      0.400000
  15      17      bond                    0      0.300000
  15      18      bond                    0      0.250000
  15      51      global_bridge           0      0.000000
  15      151     global_bridge           0      0.000000
  15      91      global_bridge           0      0.000000
  16      162     global_bridge           0      0.000000
  16      172     global_bridge           0      0.000000
  16      17      bond                    0      0.400000
  16      18      bond                    0      0.375000
  16      19      local_bridge_k1         1      0.200000
  16      142     global_bridge           0      0.000000
  16      47      global_bridge           0      0.000000
  17      134     local_bridge_k1         1      0.090909
  17      135     local_bridge_k1         1      0.090909
  17      18      bond                    0      0.500000
  17      50      local_bridge_k1         1      0.090909
  17      19      bond                    0      0.300000
  17      20      local_bridge_k1         1      0.181818
  17      150     global_bridge           0      0.000000
  17      79      global_bridge           0      0.000000
  18      161     global_bridge           0      0.000000
  18      132     global_bridge           0      0.000000
  18      19      bond                    0      0.500000
  18      20      bond                    0      0.375000
  18      21      bond                    0      0.250000
  18      127     global_bridge           0      0.000000
  19      116     global_bridge           0      0.000000
  19      69      global_bridge           0      0.000000
  19      108     global_bridge           0      0.000000
  19      82      global_bridge           0      0.000000
  19      20      bond                    0      0.400000
  19      21      bond                    0      0.333333
  19      22      local_bridge_k1         1      0.200000
  19      89      global_bridge           0      0.000000
  20      97      global_bridge           0      0.000000
  20      166     local_bridge_k1         1      0.200000
  20      169     local_bridge_k1         1      0.125000
  20      111     local_bridge_k1         1      0.076923
  20      80      bond                    0      0.300000
  20      83      bond                    0      0.222222
  20      84      local_bridge_k1         1      0.083333
  20      21      bond                    0      0.444444
  20      22      bond                    0      0.300000
  20      23      local_bridge_k1         1      0.153846
  20      31      global_bridge           0      0.000000
  21      75      global_bridge           0      0.000000
  21      147     global_bridge           0      0.000000
  21      22      bond                    0      0.444444
  21      23      bond                    0      0.333333
  21      24      bond                    0      0.222222
  21      180     global_bridge           0      0.000000
  22      48      local_bridge_k1         1      0.100000
  22      34      local_bridge_k1         1      0.100000
  22      37      local_bridge_k1         1      0.100000
  22      112     global_bridge           0      0.000000
  22      23      bond                    0      0.400000
  22      24      bond                    0      0.400000
  22      25      bond                    0      0.222222
  22      126     global_bridge           0      0.000000
  23      193     local_bridge_k1         1      0.100000
  23      66      global_bridge           0      0.000000
  23      135     global_bridge           0      0.000000
  23      42      local_bridge_k1         1      0.111111
  23      144     local_bridge_k1         1      0.100000
  23      40      local_bridge_k1         1      0.100000
  23      24      bond                    0      0.363636
  23      25      bond                    0      0.333333
  23      26      bond                    0      0.285714
  23      186     global_bridge           0      0.000000
  24      140     global_bridge           0      0.000000
  24      45      local_bridge_k1         1      0.181818
  24      48      local_bridge_k1         1      0.181818
  24      25      bond                    0      0.444444
  24      26      bond                    0      0.428571
  24      27      bond                    0      0.285714
  24      62      global_bridge           0      0.000000
  24      149     global_bridge           0      0.000000
  25      152     global_bridge           0      0.000000
  25      181     global_bridge           0      0.000000
  25      26      bond                    0      0.571429
  25      27      bond                    0      0.428571
  25      28      bond                    0      0.250000
  26      199     global_bridge           0      0.000000
  26      27      bond                    0      0.571429
  26      28      bond                    0      0.428571
  26      29      bond                    0      0.285714
  26      185     global_bridge           0      0.000000
  27      106     local_bridge_k1         1      0.142857
  27      146     global_bridge           0      0.000000
  27      28      bond                    0      0.571429
  27      29      bond                    0      0.571429
  27      30      bond                    0      0.285714
  28      37      global_bridge           0      0.000000
  28      198     global_bridge           0      0.000000
  28      53      global_bridge           0      0.000000
  28      29      bond                    0      0.500000
  28      30      bond                    0      0.375000
  28      31      bond                    0      0.250000
  29      32      bond                    0      0.222222
  29      132     global_bridge           0      0.000000
  29      106     local_bridge_k1         1      0.100000
  29      151     global_bridge           0      0.000000
  29      30      bond                    0      0.500000
  29      31      bond                    0      0.300000
  30      32      bond                    0      0.333333
  30      33      local_bridge_k1         1      0.181818
  30      98      global_bridge           0      0.000000
  30      196     local_bridge_k1         1      0.100000
  30      105     global_bridge           0      0.000000
  30      45      local_bridge_k1         1      0.090909
  30      149     global_bridge           0      0.000000
  30      31      bond                    0      0.363636
  31      32      bond                    0      0.555556
  31      33      bond                    0      0.363636
  31      34      bond                    0      0.272727
  31      35      bond                    0      0.272727
  31      135     global_bridge           0      0.000000
  31      194     global_bridge           0      0.000000
  31      67      global_bridge           0      0.000000
  31      186     global_bridge           0      0.000000
  32      33      bond                    0      0.444444
  32      34      bond                    0      0.333333
  32      35      bond                    0      0.333333
  32      165     bond                    0      0.250000
  32      167     local_bridge_k1         1      0.111111
  32      143     local_bridge_k1         1      0.111111
  32      115     global_bridge           0      0.000000
  33      160     global_bridge           0      0.000000
  33      34      bond                    0      0.500000
  33      35      bond                    0      0.333333
  33      36      bond                    0      0.333333
  33      74      local_bridge_k1         1      0.083333
  33      109     local_bridge_k1         1      0.166667
  33      95      local_bridge_k1         1      0.100000
  33      148     global_bridge           0      0.000000
  33      117     global_bridge           0      0.000000
  33      122     global_bridge           0      0.000000
  33      191     local_bridge_k1         1      0.100000
  34      35      bond                    0      0.416667
  34      36      bond                    0      0.444444
  34      37      bond                    0      0.250000
  34      75      global_bridge           0      0.000000
  34      109     bond                    0      0.250000
  34      110     local_bridge_k1         1      0.111111
  34      45      global_bridge           0      0.000000
  34      144     global_bridge           0      0.000000
  34      191     local_bridge_k1         1      0.100000
  35      36      bond                    0      0.444444
  35      37      bond                    0      0.250000
  35      38      bond                    0      0.250000
  35      169     global_bridge           0      0.000000
  35      44      global_bridge           0      0.000000
  35      130     global_bridge           0      0.000000
  35      78      global_bridge           0      0.000000
  35      48      global_bridge           0      0.000000
  35      180     global_bridge           0      0.000000
  36      37      bond                    0      0.555556
  36      38      bond                    0      0.375000
  36      39      bond                    0      0.222222
  36      43      global_bridge           0      0.000000
  36      109     bond                    0      0.222222
  36      177     global_bridge           0      0.000000
  36      59      local_bridge_k1         1      0.111111
  37      38      bond                    0      0.500000
  37      39      bond                    0      0.272727
  37      40      bond                    0      0.300000
  37      103     global_bridge           0      0.000000
  37      98      global_bridge           0      0.000000
  37      107     global_bridge           0      0.000000
  37      84      global_bridge           0      0.000000
  37      88      global_bridge           0      0.000000
  37      59      local_bridge_k1         1      0.111111
  38      39      bond                    0      0.500000
  38      40      bond                    0      0.375000
  38      41      bond                    0      0.250000
  38      142     global_bridge           0      0.000000
  38      114     global_bridge           0      0.000000
  38      56      global_bridge           0      0.000000
  39      96      global_bridge           0      0.000000
  39      129     global_bridge           0      0.000000
  39      40      bond                    0      0.400000
  39      41      bond                    0      0.300000
  39      42      bond                    0      0.222222
  39      52      global_bridge           0      0.000000
  39      157     local_bridge_k1         1      0.100000
  39      158     local_bridge_k1         1      0.100000
  40      43      bond                    0      0.222222
  40      41      bond                    0      0.400000
  40      42      bond                    0      0.444444
  40      143     global_bridge           0      0.000000
  40      179     global_bridge           0      0.000000
  41      42      bond                    0      0.444444
  41      43      bond                    0      0.333333
  41      44      bond                    0      0.333333
  41      47      local_bridge_k1         1      0.100000
  41      120     global_bridge           0      0.000000
  41      106     global_bridge           0      0.000000
  41      166     global_bridge           0      0.000000
  42      132     local_bridge_k1         1      0.111111
  42      43      bond                    0      0.444444
  42      44      bond                    0      0.444444
  42      45      bond                    0      0.222222
  42      49      local_bridge_k1         1      0.111111
  42      167     local_bridge_k1         1      0.111111
  43      44      bond                    0      0.444444
  43      45      bond                    0      0.333333
  43      46      bond                    0      0.222222
  43      50      global_bridge           0      0.000000
  43      185     local_bridge_k1         1      0.111111
  43      188     local_bridge_k1         1      0.111111
  44      132     local_bridge_k1         1      0.111111
  44      45      bond                    0      0.444444
  44      46      bond                    0      0.333333
  44      47      bond                    0      0.333333
  44      148     local_bridge_k1         1      0.111111
  44      142     local_bridge_k1         1      0.111111
  45      99      global_bridge           0      0.000000
  45      137     global_bridge           0      0.000000
  45      46      bond                    0      0.363636
  45      47      bond                    0      0.300000
  45      48      bond                    0      0.307692
  45      120     global_bridge           0      0.000000
  45      171     global_bridge           0      0.000000
  45      86      global_bridge           0      0.000000
  45      196     local_bridge_k1         1      0.100000
  45      143     local_bridge_k1         1      0.071429
  45      127     global_bridge           0      0.000000
  46      48      bond                    0      0.363636
  46      77      local_bridge_k1         1      0.200000
  46      47      bond                    0      0.400000
  46      80      local_bridge_k1         1      0.100000
  46      49      bond                    0      0.363636
  46      51      bond                    0      0.222222
  46      183     global_bridge           0      0.000000
  46      88      global_bridge           0      0.000000
  46      61      bond                    0      0.250000
  47      48      bond                    0      0.400000
  47      49      bond                    0      0.300000
  47      50      local_bridge_k1         1      0.200000
  47      149     global_bridge           0      0.000000
  47      56      global_bridge           0      0.000000
  47      190     global_bridge           0      0.000000
  48      51      bond                    0      0.333333
  48      132     global_bridge           0      0.000000
  48      50      bond                    0      0.333333
  48      49      bond                    0      0.307692
  48      82      global_bridge           0      0.000000
  48      117     global_bridge           0      0.000000
  48      143     local_bridge_k1         1      0.076923
  49      64      local_bridge_k1         1      0.090909
  49      112     global_bridge           0      0.000000
  49      130     global_bridge           0      0.000000
  49      101     global_bridge           0      0.000000
  49      167     local_bridge_k1         1      0.090909
  49      61      bond                    0      0.250000
  49      50      bond                    0      0.333333
  49      51      bond                    0      0.444444
  49      52      bond                    0      0.272727
  49      150     global_bridge           0      0.000000
  49      125     local_bridge_k1         1      0.083333
  50      51      bond                    0      0.555556
  50      177     global_bridge           0      0.000000
  50      67      global_bridge           0      0.000000
  50      52      bond                    0      0.363636
  50      53      bond                    0      0.333333
  50      54      bond                    0      0.250000
  50      154     global_bridge           0      0.000000
  51      139     global_bridge           0      0.000000
  51      52      bond                    0      0.444444
  51      53      bond                    0      0.333333
  51      54      bond                    0      0.333333
  51      84      global_bridge           0      0.000000
  52      170     global_bridge           0      0.000000
  52      75      global_bridge           0      0.000000
  52      148     global_bridge           0      0.000000
  52      53      bond                    0      0.444444
  52      54      bond                    0      0.363636
  52      55      bond                    0      0.272727
  52      58      local_bridge_k1         1      0.100000
  52      125     local_bridge_k1         1      0.090909
  53      133     global_bridge           0      0.000000
  53      86      global_bridge           0      0.000000
  53      55      bond                    0      0.333333
  53      56      bond                    0      0.222222
  53      54      bond                    0      0.555556
  54      99      global_bridge           0      0.000000
  54      77      global_bridge           0      0.000000
  54      56      bond                    0      0.333333
  54      150     local_bridge_k1         1      0.100000
  54      55      bond                    0      0.363636
  54      184     local_bridge_k1         1      0.083333
  54      57      local_bridge_k1         1      0.166667
  54      91      global_bridge           0      0.000000
  54      153     local_bridge_k1         1      0.100000
  55      129     local_bridge_k1         1      0.090909
  55      195     global_bridge           0      0.000000
  55      69      global_bridge           0      0.000000
  55      103     local_bridge_k1         1      0.100000
  55      56      bond                    0      0.363636
  55      57      bond                    0      0.363636
  55      58      bond                    0      0.300000
  55      106     local_bridge_k1         1      0.090909
  56      59      bond                    0      0.222222
  56      68      global_bridge           0      0.000000
  56      102     global_bridge           0      0.000000
  56      151     global_bridge           0      0.000000
  56      184     local_bridge_k1         1      0.166667
  56      57      bond                    0      0.416667
  56      58      bond                    0      0.300000
  56      111     local_bridge_k1         1      0.153846
  56      158     global_bridge           0      0.000000
  57      65      global_bridge           0      0.000000
  57      59      bond                    0      0.333333
  57      129     local_bridge_k1         1      0.166667
  57      60      bond                    0      0.285714
  57      119     global_bridge           0      0.000000
  57      175     global_bridge           0      0.000000
  57      111     local_bridge_k1         1      0.166667
  57      58      bond                    0      0.400000
  57      155     local_bridge_k1         1      0.166667
  57      156     local_bridge_k1         1      0.181818
  58      164     global_bridge           0      0.000000
  58      85      global_bridge           0      0.000000
  58      182     global_bridge           0      0.000000
  58      59      bond                    0      0.444444
  58      60      bond                    0      0.428571
  58      61      bond                    0      0.250000
  59      142     global_bridge           0      0.000000
  59      60      bond                    0      0.571429
  59      61      bond                    0      0.375000
  59      62      bond                    0      0.222222
  60      187     global_bridge           0      0.000000
  60      62      bond                    0      0.428571
  60      61      bond                    0      0.571429
  60      158     global_bridge           0      0.000000
  60      63      bond                    0      0.285714
  61      64      bond                    0      0.375000
  61      77      local_bridge_k1         1      0.125000
  61      62      bond                    0      0.500000
  61      63      bond                    0      0.375000
  62      64      bond                    0      0.363636
  62      65      local_bridge_k1         1      0.166667
  62      133     local_bridge_k1         1      0.181818
  62      136     local_bridge_k1         1      0.111111
  62      63      bond                    0      0.400000
  62      170     local_bridge_k1         1      0.125000
  62      172     local_bridge_k1         1      0.090909
  62      180     global_bridge           0      0.000000
  62      95      global_bridge           0      0.000000
  63      64      bond                    0      0.400000
  63      65      bond                    0      0.300000
  63      164     global_bridge           0      0.000000
  63      66      bond                    0      0.222222
  63      84      global_bridge           0      0.000000
  63      181     global_bridge           0      0.000000
  63      123     global_bridge           0      0.000000
  64      65      bond                    0      0.363636
  64      66      bond                    0      0.333333
  64      67      bond                    0      0.222222
  64      133     local_bridge_k1         1      0.090909
  64      168     global_bridge           0      0.000000
  64      107     local_bridge_k1         1      0.125000
  64      109     local_bridge_k1         1      0.090909
  64      153     global_bridge           0      0.000000
  65      66      bond                    0      0.444444
  65      67      bond                    0      0.333333
  65      68      bond                    0      0.222222
  65      166     global_bridge           0      0.000000
  65      173     global_bridge           0      0.000000
  65      113     global_bridge           0      0.000000
  65      148     global_bridge           0      0.000000
  65      154     global_bridge           0      0.000000
  66      67      bond                    0      0.444444
  66      68      bond                    0      0.333333
  66      69      bond                    0      0.222222
  66      103     global_bridge           0      0.000000
  66      175     global_bridge           0      0.000000
  66      117     global_bridge           0      0.000000
  67      68      bond                    0      0.444444
  67      69      bond                    0      0.444444
  67      70      bond                    0      0.222222
  67      79      global_bridge           0      0.000000
  67      176     local_bridge_k1         1      0.111111
  68      69      bond                    0      0.444444
  68      70      bond                    0      0.333333
  68      71      bond                    0      0.222222
  68      168     global_bridge           0      0.000000
  68      109     global_bridge           0      0.000000
  68      190     global_bridge           0      0.000000
  69      70      bond                    0      0.400000
  69      71      bond                    0      0.333333
  69      72      bond                    0      0.375000
  69      75      local_bridge_k1         1      0.100000
  69      176     local_bridge_k1         1      0.100000
  69      122     global_bridge           0      0.000000
  70      102     global_bridge           0      0.000000
  70      71      bond                    0      0.444444
  70      72      bond                    0      0.375000
  70      73      local_bridge_k1         1      0.200000
  70      138     local_bridge_k1         1      0.100000
  70      83      global_bridge           0      0.000000
  70      188     global_bridge           0      0.000000
  71      72      bond                    0      0.500000
  71      73      bond                    0      0.333333
  71      74      bond                    0      0.222222
  71      113     global_bridge           0      0.000000
  71      148     global_bridge           0      0.000000
  71      87      global_bridge           0      0.000000
  71      121     global_bridge           0      0.000000
  72      195     global_bridge           0      0.000000
  72      73      bond                    0      0.500000
  72      74      bond                    0      0.375000
  72      75      bond                    0      0.375000
  72      145     global_bridge           0      0.000000
  72      93      global_bridge           0      0.000000
  73      100     global_bridge           0      0.000000
  73      137     global_bridge           0      0.000000
  73      74      bond                    0      0.416667
  73      75      bond                    0      0.250000
  73      76      bond                    0      0.300000
  73      110     global_bridge           0      0.000000
  73      179     local_bridge_k1         1      0.083333
  73      174     global_bridge           0      0.000000
  73      154     local_bridge_k1         1      0.090909
  73      155     local_bridge_k1         1      0.166667
  74      131     global_bridge           0      0.000000
  74      75      bond                    0      0.416667
  74      76      bond                    0      0.400000
  74      78      bond                    0      0.333333
  74      77      bond                    0      0.300000
  74      99      global_bridge           0      0.000000
  74      179     local_bridge_k1         1      0.083333
  74      95      local_bridge_k1         1      0.100000
  75      76      bond                    0      0.400000
  75      77      bond                    0      0.300000
  75      78      bond                    0      0.333333
  75      172     global_bridge           0      0.000000
  75      87      global_bridge           0      0.000000
  75      152     global_bridge           0      0.000000
  75      123     global_bridge           0      0.000000
  75      106     global_bridge           0      0.000000
  76      192     local_bridge_k1         1      0.100000
  76      129     global_bridge           0      0.000000
  76      101     local_bridge_k1         1      0.100000
  76      77      bond                    0      0.500000
  76      78      bond                    0      0.444444
  76      79      local_bridge_k1         1      0.200000
  76      111     local_bridge_k1         1      0.200000
  76      155     local_bridge_k1         1      0.200000
  77      107     global_bridge           0      0.000000
  77      101     local_bridge_k1         1      0.100000
  77      79      bond                    0      0.300000
  77      80      bond                    0      0.300000
  77      78      bond                    0      0.555556
  78      167     global_bridge           0      0.000000
  78      79      bond                    0      0.444444
  78      80      bond                    0      0.333333
  78      81      bond                    0      0.222222
  78      183     global_bridge           0      0.000000
  79      198     global_bridge           0      0.000000
  79      81      bond                    0      0.333333
  79      80      bond                    0      0.400000
  79      82      local_bridge_k1         1      0.200000
  79      89      global_bridge           0      0.000000
  79      114     global_bridge           0      0.000000
  79      93      global_bridge           0      0.000000
  80      166     local_bridge_k1         1      0.100000
  80      81      bond                    0      0.555556
  80      145     local_bridge_k1         1      0.100000
  80      82      bond                    0      0.400000
  80      83      bond                    0      0.333333
  80      111     local_bridge_k1         1      0.200000
  81      163     local_bridge_k1         1      0.111111
  81      145     bond                    0      0.222222
  81      82      bond                    0      0.555556
  81      83      bond                    0      0.333333
  81      84      bond                    0      0.222222
  81      143     local_bridge_k1         1      0.111111
  81      188     global_bridge           0      0.000000
  82      83      bond                    0      0.444444
  82      163     local_bridge_k1         1      0.100000
  82      196     local_bridge_k1         1      0.100000
  82      84      bond                    0      0.300000
  82      85      bond                    0      0.300000
  82      111     local_bridge_k1         1      0.100000
  83      84      bond                    0      0.555556
  83      173     global_bridge           0      0.000000
  83      180     global_bridge           0      0.000000
  83      85      bond                    0      0.333333
  83      86      bond                    0      0.222222
  84      108     global_bridge           0      0.000000
  84      142     global_bridge           0      0.000000
  84      85      bond                    0      0.333333
  84      86      bond                    0      0.333333
  84      87      local_bridge_k1         1      0.200000
  84      187     global_bridge           0      0.000000
  85      196     local_bridge_k1         1      0.100000
  85      135     global_bridge           0      0.000000
  85      86      bond                    0      0.444444
  85      87      bond                    0      0.300000
  85      88      bond                    0      0.222222
  85      185     local_bridge_k1         1      0.083333
  85      92      global_bridge           0      0.000000
  85      159     global_bridge           0      0.000000
  86      134     global_bridge           0      0.000000
  86      87      bond                    0      0.444444
  86      88      bond                    0      0.333333
  86      89      bond                    0      0.333333
  87      176     global_bridge           0      0.000000
  87      88      bond                    0      0.444444
  87      89      bond                    0      0.300000
  87      90      bond                    0      0.250000
  87      155     global_bridge           0      0.000000
  88      194     global_bridge           0      0.000000
  88      89      bond                    0      0.444444
  88      90      bond                    0      0.375000
  88      91      bond                    0      0.222222
  88      101     global_bridge           0      0.000000
  89      167     global_bridge           0      0.000000
  89      90      bond                    0      0.500000
  89      91      bond                    0      0.333333
  89      92      local_bridge_k1         1      0.200000
  89      127     global_bridge           0      0.000000
  90      162     global_bridge           0      0.000000
  90      112     global_bridge           0      0.000000
  90      183     local_bridge_k1         1      0.125000
  90      91      bond                    0      0.500000
  90      92      bond                    0      0.500000
  90      93      bond                    0      0.250000
  91      197     local_bridge_k1         1      0.111111
  91      121     global_bridge           0      0.000000
  91      92      bond                    0      0.555556
  91      93      bond                    0      0.333333
  91      94      bond                    0      0.250000
  92      96      bond                    0      0.300000
  92      129     global_bridge           0      0.000000
  92      197     local_bridge_k1         1      0.111111
  92      146     global_bridge           0      0.000000
  92      183     local_bridge_k1         1      0.090909
  92      93      bond                    0      0.500000
  92      94      bond                    0      0.500000
  92      95      bond                    0      0.300000
  93      96      bond                    0      0.400000
  93      161     global_bridge           0      0.000000
  93      98      local_bridge_k1         1      0.200000
  93      94      bond                    0      0.500000
  93      190     global_bridge           0      0.000000
  93      95      bond                    0      0.400000
  94      96      bond                    0      0.500000
  94      97      bond                    0      0.250000
  94      140     local_bridge_k1         1      0.125000
  94      125     local_bridge_k1         1      0.125000
  94      149     global_bridge           0      0.000000
  94      95      bond                    0      0.500000
  95      96      bond                    0      0.500000
  95      98      bond                    0      0.400000
  95      100     local_bridge_k1         1      0.200000
  95      97      bond                    0      0.400000
  95      124     global_bridge           0      0.000000
  96      97      bond                    0      0.400000
  96      98      bond                    0      0.400000
  96      99      bond                    0      0.222222
  96      170     global_bridge           0      0.000000
  96      178     global_bridge           0      0.000000
  96      122     global_bridge           0      0.000000
  97      98      bond                    0      0.400000
  97      99      bond                    0      0.333333
  97      100     bond                    0      0.300000
  97      134     global_bridge           0      0.000000
  97      163     global_bridge           0      0.000000
  97      181     global_bridge           0      0.000000
  98      99      bond                    0      0.444444
  98      100     bond                    0      0.400000
  98      158     global_bridge           0      0.000000
  98      187     global_bridge           0      0.000000
  98      101     local_bridge_k1         1      0.200000
  99      100     bond                    0      0.444444
  99      101     bond                    0      0.333333
  99      102     bond                    0      0.222222
  99      146     global_bridge           0      0.000000
  100     160     global_bridge           0      0.000000
  100     101     bond                    0      0.454545
  100     102     bond                    0      0.333333
  100     103     local_bridge_k1         1      0.200000
  100     194     global_bridge           0      0.000000
  100     127     local_bridge_k1         1      0.090909
  101     102     bond                    0      0.444444
  101     103     bond                    0      0.400000
  101     104     bond                    0      0.333333
  101     115     global_bridge           0      0.000000
  101     149     local_bridge_k1         1      0.076923
  101     157     local_bridge_k1         1      0.100000
  101     127     local_bridge_k1         1      0.153846
  102     198     global_bridge           0      0.000000
  102     103     bond                    0      0.444444
  102     104     bond                    0      0.500000
  102     105     bond                    0      0.285714
  102     142     global_bridge           0      0.000000
  103     104     bond                    0      0.666667
  103     105     bond                    0      0.428571
  103     106     bond                    0      0.300000
  103     149     local_bridge_k1         1      0.100000
  104     105     bond                    0      0.666667
  104     106     bond                    0      0.500000
  104     107     bond                    0      0.333333
  104     183     global_bridge           0      0.000000
  105     106     bond                    0      0.571429
  105     107     bond                    0      0.428571
  105     108     bond                    0      0.285714
  105     156     global_bridge           0      0.000000
  106     107     bond                    0      0.500000
  106     108     bond                    0      0.272727
  106     109     local_bridge_k1         1      0.166667
  106     173     global_bridge           0      0.000000
  106     115     global_bridge           0      0.000000
  106     182     global_bridge           0      0.000000
  107     108     bond                    0      0.500000
  107     110     bond                    0      0.250000
  107     109     bond                    0      0.500000
  108     160     global_bridge           0      0.000000
  108     109     bond                    0      0.363636
  108     110     bond                    0      0.444444
  108     111     local_bridge_k1         1      0.181818
  108     174     global_bridge           0      0.000000
  108     137     global_bridge           0      0.000000
  108     125     local_bridge_k1         1      0.090909
  109     110     bond                    0      0.555556
  109     111     bond                    0      0.250000
  109     112     local_bridge_k1         1      0.200000
  109     154     global_bridge           0      0.000000
  109     123     global_bridge           0      0.000000
  110     135     global_bridge           0      0.000000
  110     111     bond                    0      0.444444
  110     112     bond                    0      0.333333
  110     113     bond                    0      0.222222
  110     125     local_bridge_k1         1      0.111111
  111     192     local_bridge_k1         1      0.090909
  111     112     bond                    0      0.400000
  111     155     local_bridge_k1         1      0.166667
  111     114     local_bridge_k1         1      0.181818
  111     113     bond                    0      0.333333
  111     150     global_bridge           0      0.000000
  111     184     local_bridge_k1         1      0.083333
  112     113     bond                    0      0.444444
  112     114     bond                    0      0.300000
  112     115     bond                    0      0.250000
  112     148     global_bridge           0      0.000000
  112     121     global_bridge           0      0.000000
  113     114     bond                    0      0.444444
  113     115     bond                    0      0.375000
  113     116     bond                    0      0.222222
  113     185     global_bridge           0      0.000000
  113     123     global_bridge           0      0.000000
  114     144     global_bridge           0      0.000000
  114     199     global_bridge           0      0.000000
  114     137     global_bridge           0      0.000000
  114     115     bond                    0      0.500000
  114     116     bond                    0      0.300000
  114     117     bond                    0      0.333333
  114     120     local_bridge_k1         1      0.111111
  115     116     bond                    0      0.500000
  115     117     bond                    0      0.375000
  115     118     bond                    0      0.250000
  116     133     global_bridge           0      0.000000
  116     117     bond                    0      0.444444
  116     118     bond                    0      0.375000
  116     119     bond                    0      0.222222
  116     184     local_bridge_k1         1      0.100000
  116     190     local_bridge_k1         1      0.100000
  116     159     global_bridge           0      0.000000
  117     194     global_bridge           0      0.000000
  117     118     bond                    0      0.500000
  117     119     bond                    0      0.333333
  117     120     bond                    0      0.333333
  118     129     global_bridge           0      0.000000
  118     182     global_bridge           0      0.000000
  118     119     bond                    0      0.500000
  118     120     bond                    0      0.375000
  118     121     bond                    0      0.250000
  119     132     global_bridge           0      0.000000
  119     139     local_bridge_k1         1      0.125000
  119     121     bond                    0      0.333333
  119     120     bond                    0      0.555556
  119     122     bond                    0      0.250000
  120     139     local_bridge_k1         1      0.125000
  120     121     bond                    0      0.444444
  120     122     bond                    0      0.375000
  120     123     bond                    0      0.222222
  121     192     global_bridge           0      0.000000
  121     123     bond                    0      0.333333
  121     122     bond                    0      0.500000
  121     124     bond                    0      0.333333
  122     123     bond                    0      0.500000
  122     124     bond                    0      0.500000
  122     125     bond                    0      0.250000
  123     177     global_bridge           0      0.000000
  123     125     bond                    0      0.272727
  123     124     bond                    0      0.666667
  123     157     global_bridge           0      0.000000
  123     126     bond                    0      0.222222
  124     127     bond                    0      0.333333
  124     125     bond                    0      0.666667
  124     126     bond                    0      0.500000
  125     128     bond                    0      0.333333
  125     140     local_bridge_k1         1      0.166667
  125     126     bond                    0      0.444444
  125     127     bond                    0      0.416667
  126     128     bond                    0      0.500000
  126     129     bond                    0      0.222222
  126     194     global_bridge           0      0.000000
  126     141     global_bridge           0      0.000000
  126     127     bond                    0      0.444444
  127     128     bond                    0      0.666667
  127     130     bond                    0      0.222222
  127     129     bond                    0      0.214286
  127     140     local_bridge_k1         1      0.076923
  127     157     local_bridge_k1         1      0.100000
  127     183     global_bridge           0      0.000000
  128     129     bond                    0      0.666667
  128     130     bond                    0      0.500000
  128     131     bond                    0      0.333333
  128     184     global_bridge           0      0.000000
  129     130     bond                    0      0.444444
  129     131     bond                    0      0.444444
  129     132     local_bridge_k1         1      0.142857
  129     156     local_bridge_k1         1      0.090909
  129     176     local_bridge_k1         1      0.100000
  129     178     local_bridge_k1         1      0.090909
  129     137     global_bridge           0      0.000000
  130     133     bond                    0      0.222222
  130     131     bond                    0      0.444444
  130     132     bond                    0      0.333333
  131     132     bond                    0      0.444444
  131     133     bond                    0      0.333333
  131     134     bond                    0      0.222222
  131     140     local_bridge_k1         1      0.111111
  131     146     local_bridge_k1         1      0.111111
  132     133     bond                    0      0.363636
  132     134     bond                    0      0.250000
  132     135     local_bridge_k1         1      0.181818
  132     179     global_bridge           0      0.000000
  132     159     global_bridge           0      0.000000
  133     134     bond                    0      0.363636
  133     135     bond                    0      0.272727
  133     136     bond                    0      0.333333
  133     199     global_bridge           0      0.000000
  133     174     global_bridge           0      0.000000
  134     135     bond                    0      0.454545
  134     136     bond                    0      0.333333
  134     137     local_bridge_k1         1      0.181818
  134     177     local_bridge_k1         1      0.090909
  134     176     local_bridge_k1         1      0.100000
  134     154     global_bridge           0      0.000000
  134     191     global_bridge           0      0.000000
  135     136     bond                    0      0.444444
  135     137     bond                    0      0.272727
  135     138     local_bridge_k1         1      0.200000
  135     146     global_bridge           0      0.000000
  136     195     global_bridge           0      0.000000
  136     137     bond                    0      0.444444
  136     138     bond                    0      0.444444
  136     139     bond                    0      0.250000
  137     198     global_bridge           0      0.000000
  137     138     bond                    0      0.400000
  137     139     bond                    0      0.375000
  137     140     local_bridge_k1         1      0.181818
  138     139     bond                    0      0.500000
  138     171     global_bridge           0      0.000000
  138     140     bond                    0      0.300000
  138     141     local_bridge_k1         1      0.200000
  138     179     global_bridge           0      0.000000
  138     185     global_bridge           0      0.000000
  139     140     bond                    0      0.500000
  139     141     bond                    0      0.375000
  139     142     bond                    0      0.250000
  140     193     local_bridge_k1         1      0.100000
  140     196     local_bridge_k1         1      0.100000
  140     141     bond                    0      0.400000
  140     142     bond                    0      0.250000
  140     143     bond                    0      0.230769
  140     146     local_bridge_k1         1      0.153846
  141     164     local_bridge_k1         1      0.100000
  141     142     bond                    0      0.400000
  141     143     bond                    0      0.300000
  141     144     local_bridge_k1         1      0.200000
  141     151     local_bridge_k1         1      0.100000
  141     189     global_bridge           0      0.000000
  142     144     bond                    0      0.300000
  142     143     bond                    0      0.333333
  142     145     bond                    0      0.300000
  142     148     local_bridge_k1         1      0.166667
  143     165     local_bridge_k1         1      0.125000
  143     145     bond                    0      0.400000
  143     144     bond                    0      0.400000
  143     146     bond                    0      0.230769
  144     193     local_bridge_k1         1      0.100000
  144     146     bond                    0      0.300000
  144     178     global_bridge           0      0.000000
  144     145     bond                    0      0.400000
  144     147     local_bridge_k1         1      0.200000
  145     146     bond                    0      0.400000
  145     147     bond                    0      0.500000
  145     148     bond                    0      0.300000
  145     155     local_bridge_k1         1      0.100000
  145     189     local_bridge_k1         1      0.100000
  146     164     global_bridge           0      0.000000
  146     148     bond                    0      0.230769
  146     147     bond                    0      0.333333
  146     149     local_bridge_k1         1      0.153846
  147     148     bond                    0      0.333333
  147     150     local_bridge_k1         1      0.200000
  147     186     local_bridge_k1         1      0.125000
  147     155     local_bridge_k1         1      0.166667
  147     156     local_bridge_k1         1      0.181818
  147     189     bond                    0      0.300000
  147     149     bond                    0      0.250000
  148     149     bond                    0      0.307692
  148     150     bond                    0      0.300000
  148     151     local_bridge_k1         1      0.181818
  149     152     bond                    0      0.300000
  149     150     bond                    0      0.400000
  149     151     bond                    0      0.272727
  149     185     local_bridge_k1         1      0.076923
  149     165     global_bridge           0      0.000000
  150     151     bond                    0      0.400000
  150     152     bond                    0      0.300000
  150     153     bond                    0      0.300000
  151     164     local_bridge_k1         1      0.100000
  151     152     bond                    0      0.400000
  151     179     global_bridge           0      0.000000
  151     153     bond                    0      0.300000
  151     154     local_bridge_k1         1      0.181818
  152     162     global_bridge           0      0.000000
  152     174     global_bridge           0      0.000000
  152     153     bond                    0      0.400000
  152     154     bond                    0      0.300000
  152     155     local_bridge_k1         1      0.200000
  152     185     local_bridge_k1         1      0.100000
  153     161     global_bridge           0      0.000000
  153     173     global_bridge           0      0.000000
  153     154     bond                    0      0.400000
  153     155     bond                    0      0.300000
  153     156     local_bridge_k1         1      0.200000
  154     155     bond                    0      0.454545
  154     156     bond                    0      0.272727
  154     157     local_bridge_k1         1      0.200000
  155     158     local_bridge_k1         1      0.200000
  155     156     bond                    0      0.545455
  155     157     bond                    0      0.300000
  156     172     global_bridge           0      0.000000
  156     157     bond                    0      0.400000
  156     189     local_bridge_k1         1      0.200000
  156     158     bond                    0      0.300000
  156     159     bond                    0      0.272727
  157     160     local_bridge_k1         1      0.200000
  157     159     bond                    0      0.300000
  157     181     global_bridge           0      0.000000
  157     158     bond                    0      0.500000
  158     160     bond                    0      0.300000
  158     161     local_bridge_k1         1      0.200000
  158     178     global_bridge           0      0.000000
  158     159     bond                    0      0.400000
  159     160     bond                    0      0.400000
  159     161     bond                    0      0.272727
  159     162     local_bridge_k1         1      0.200000
  159     198     global_bridge           0      0.000000
  159     189     local_bridge_k1         1      0.100000
  159     180     global_bridge           0      0.000000
  160     162     bond                    0      0.300000
  160     163     local_bridge_k1         1      0.200000
  160     197     local_bridge_k1         1      0.111111
  160     161     bond                    0      0.500000
  160     177     global_bridge           0      0.000000
  161     162     bond                    0      0.400000
  161     163     bond                    0      0.363636
  161     164     local_bridge_k1         1      0.200000
  161     197     local_bridge_k1         1      0.111111
  161     175     global_bridge           0      0.000000
  161     179     local_bridge_k1         1      0.090909
  162     163     bond                    0      0.500000
  162     164     bond                    0      0.400000
  162     165     bond                    0      0.375000
  162     166     bond                    0      0.300000
  162     184     global_bridge           0      0.000000
  163     195     global_bridge           0      0.000000
  163     164     bond                    0      0.400000
  163     165     bond                    0      0.375000
  163     166     bond                    0      0.300000
  163     172     global_bridge           0      0.000000
  163     179     local_bridge_k1         1      0.090909
  164     165     bond                    0      0.500000
  164     166     bond                    0      0.400000
  164     167     local_bridge_k1         1      0.200000
  165     166     bond                    0      0.625000
  165     167     bond                    0      0.500000
  165     168     bond                    0      0.250000
  166     167     bond                    0      0.400000
  166     168     bond                    0      0.333333
  166     169     bond                    0      0.375000
  167     168     bond                    0      0.444444
  167     169     bond                    0      0.375000
  167     185     global_bridge           0      0.000000
  167     170     bond                    0      0.250000
  168     169     bond                    0      0.500000
  168     170     bond                    0      0.375000
  168     171     bond                    0      0.222222
  169     170     bond                    0      0.500000
  169     171     bond                    0      0.375000
  169     172     bond                    0      0.250000
  170     171     bond                    0      0.500000
  170     172     bond                    0      0.500000
  170     173     bond                    0      0.250000
  171     199     global_bridge           0      0.000000
  171     172     bond                    0      0.444444
  171     174     bond                    0      0.222222
  171     173     bond                    0      0.333333
  172     173     bond                    0      0.400000
  172     174     bond                    0      0.333333
  172     175     bond                    0      0.222222
  172     182     global_bridge           0      0.000000
  173     174     bond                    0      0.444444
  173     175     bond                    0      0.333333
  173     176     local_bridge_k1         1      0.200000
  173     188     global_bridge           0      0.000000
  174     175     bond                    0      0.444444
  174     176     bond                    0      0.333333
  174     177     bond                    0      0.222222
  175     176     bond                    0      0.444444
  175     177     bond                    0      0.333333
  175     178     bond                    0      0.222222
  175     191     global_bridge           0      0.000000
  176     177     bond                    0      0.500000
  176     178     bond                    0      0.400000
  176     179     local_bridge_k1         1      0.200000
  177     178     bond                    0      0.363636
  177     179     bond                    0      0.272727
  177     180     bond                    0      0.272727
  178     195     local_bridge_k1         1      0.090909
  178     192     local_bridge_k1         1      0.090909
  178     179     bond                    0      0.363636
  178     180     bond                    0      0.272727
  178     181     local_bridge_k1         1      0.181818
  179     180     bond                    0      0.363636
  179     181     bond                    0      0.272727
  179     182     bond                    0      0.222222
  180     181     bond                    0      0.363636
  180     182     bond                    0      0.333333
  180     183     local_bridge_k1         1      0.181818
  181     182     bond                    0      0.444444
  181     183     bond                    0      0.272727
  181     184     local_bridge_k1         1      0.181818
  182     183     bond                    0      0.444444
  182     184     bond                    0      0.333333
  182     185     bond                    0      0.222222
  183     184     bond                    0      0.363636
  183     185     bond                    0      0.272727
  183     186     bond                    0      0.250000
  184     185     bond                    0      0.333333
  184     186     bond                    0      0.375000
  184     187     bond                    0      0.300000
  184     190     local_bridge_k1         1      0.200000
  185     187     bond                    0      0.300000
  185     186     bond                    0      0.500000
  185     188     bond                    0      0.272727
  186     187     bond                    0      0.500000
  186     188     bond                    0      0.375000
  186     189     bond                    0      0.375000
  187     188     bond                    0      0.400000
  187     189     bond                    0      0.300000
  187     190     bond                    0      0.300000
  188     189     bond                    0      0.400000
  188     190     bond                    0      0.300000
  188     191     local_bridge_k1         1      0.200000
  189     192     local_bridge_k1         1      0.200000
  189     191     bond                    0      0.300000
  189     190     bond                    0      0.400000
  190     192     bond                    0      0.300000
  190     193     local_bridge_k1         1      0.200000
  190     191     bond                    0      0.400000
  191     192     bond                    0      0.400000
  191     193     bond                    0      0.300000
  191     194     local_bridge_k1         1      0.200000
  192     193     bond                    0      0.400000
  192     194     bond                    0      0.300000
  192     195     bond                    0      0.272727
  193     194     bond                    0      0.400000
  193     195     bond                    0      0.400000
  193     196     bond                    0      0.300000
  194     195     bond                    0      0.400000
  194     197     bond                    0      0.222222
  194     196     bond                    0      0.300000
  195     196     bond                    0      0.400000
  195     197     bond                    0      0.333333
  195     198     local_bridge_k1         1      0.200000
  196     197     bond                    0      0.444444
  196     198     bond                    0      0.300000
  196     199     bond                    0      0.222222
  197     198     bond                    0      0.444444
  197     199     bond                    0      0.333333
  198     199     bond                    0      0.444444
--------------------------------------------------------------------------------
