HETA 分析結果
================================================================================
節點數     : 50
邊數       : 105
kmax       : 2
n_random   : 1000
執行時間   : 0.041 秒
原始 indexing : 1-indexed
節點座標   : 無（全 0）
================================================================================

分類統計
--------------------------------------------------------------------------------
  silk link      :    0 條  (  0.0%)
  bond link      :  100 條  ( 95.2%)
  local bridge   :    4 條  (  3.8%)
  global bridge  :    1 條  (  1.0%)
--------------------------------------------------------------------------------

R^1 (第一層共同鄰居比) 統計
--------------------------------------------------------------------------------
  min    : 0.000000
  max    : 0.666667
  mean   : 0.474603
  median : 0.333333
--------------------------------------------------------------------------------

節點座標 (Vertices)
--------------------------------------------------------------------------------
  id      x             y           
  ------  ------------  ------------
  0           0.000000      0.000000
  1           0.000000      0.000000
  2           0.000000      0.000000
  3           0.000000      0.000000
  4           0.000000      0.000000
  5           0.000000      0.000000
  6           0.000000      0.000000
  7           0.000000      0.000000
  8           0.000000      0.000000
  9           0.000000      0.000000
  10          0.000000      0.000000
  11          0.000000      0.000000
  12          0.000000      0.000000
  13          0.000000      0.000000
  14          0.000000      0.000000
  15          0.000000      0.000000
  16          0.000000      0.000000
  17          0.000000      0.000000
  18          0.000000      0.000000
  19          0.000000      0.000000
  20          0.000000      0.000000
  21          0.000000      0.000000
  22          0.000000      0.000000
  23          0.000000      0.000000
  24          0.000000      0.000000
  25          0.000000      0.000000
  26          0.000000      0.000000
  27          0.000000      0.000000
  28          0.000000      0.000000
  29          0.000000      0.000000
  30          0.000000      0.000000
  31          0.000000      0.000000
  32          0.000000      0.000000
  33          0.000000      0.000000
  34          0.000000      0.000000
  35          0.000000      0.000000
  36          0.000000      0.000000
  37          0.000000      0.000000
  38          0.000000      0.000000
  39          0.000000      0.000000
  40          0.000000      0.000000
  41          0.000000      0.000000
  42          0.000000      0.000000
  43          0.000000      0.000000
  44          0.000000      0.000000
  45          0.000000      0.000000
  46          0.000000      0.000000
  47          0.000000      0.000000
  48          0.000000      0.000000
  49          0.000000      0.000000
--------------------------------------------------------------------------------

逐邊分類結果 (含 R^1)
--------------------------------------------------------------------------------
  u       v       type                    layer  R^1       
  ------  ------  ----------------------  -----  ----------
  0       48      bond                    0      0.333333
  0       1       bond                    0      0.666667
  0       2       bond                    0      0.333333
  0       8       local_bridge_k2         2      0.000000
  0       49      bond                    0      0.666667
  1       49      bond                    0      0.333333
  1       2       bond                    0      0.666667
  1       3       bond                    0      0.333333
  2       3       bond                    0      0.666667
  2       4       bond                    0      0.333333
  3       4       bond                    0      0.666667
  3       5       bond                    0      0.333333
  4       5       bond                    0      0.666667
  4       6       bond                    0      0.333333
  5       13      local_bridge_k2         2      0.000000
  5       6       bond                    0      0.666667
  5       7       bond                    0      0.333333
  6       8       bond                    0      0.333333
  6       7       bond                    0      0.666667
  7       8       bond                    0      0.666667
  7       9       bond                    0      0.333333
  8       9       bond                    0      0.666667
  8       10      bond                    0      0.333333
  9       10      bond                    0      0.666667
  9       11      bond                    0      0.333333
  10      11      bond                    0      0.666667
  10      12      bond                    0      0.333333
  11      12      bond                    0      0.666667
  11      13      bond                    0      0.333333
  12      13      bond                    0      0.666667
  12      14      bond                    0      0.333333
  13      14      bond                    0      0.500000
  13      15      bond                    0      0.333333
  14      16      bond                    0      0.333333
  14      22      local_bridge_k2         2      0.000000
  14      15      bond                    0      0.666667
  15      16      bond                    0      0.666667
  15      17      bond                    0      0.333333
  16      17      bond                    0      0.666667
  16      18      bond                    0      0.333333
  17      18      bond                    0      0.666667
  17      19      bond                    0      0.333333
  17      46      global_bridge           0      0.000000
  18      19      bond                    0      0.666667
  18      20      bond                    0      0.333333
  19      20      bond                    0      0.666667
  19      21      bond                    0      0.333333
  20      21      bond                    0      0.666667
  20      22      bond                    0      0.333333
  21      22      bond                    0      0.666667
  21      23      bond                    0      0.333333
  22      24      bond                    0      0.333333
  22      23      bond                    0      0.666667
  23      24      bond                    0      0.666667
  23      25      bond                    0      0.333333
  24      25      bond                    0      0.666667
  24      26      bond                    0      0.333333
  25      26      bond                    0      0.666667
  25      27      bond                    0      0.333333
  26      27      bond                    0      0.666667
  26      28      bond                    0      0.333333
  27      35      local_bridge_k2         2      0.000000
  27      28      bond                    0      0.666667
  27      29      bond                    0      0.333333
  28      29      bond                    0      0.666667
  28      30      bond                    0      0.333333
  29      30      bond                    0      0.666667
  29      31      bond                    0      0.333333
  30      32      bond                    0      0.333333
  30      31      bond                    0      0.666667
  31      32      bond                    0      0.666667
  31      33      bond                    0      0.333333
  32      33      bond                    0      0.666667
  32      34      bond                    0      0.333333
  33      34      bond                    0      0.666667
  33      35      bond                    0      0.333333
  34      35      bond                    0      0.666667
  34      36      bond                    0      0.333333
  35      36      bond                    0      0.666667
  35      37      bond                    0      0.333333
  36      37      bond                    0      0.666667
  36      38      bond                    0      0.333333
  37      38      bond                    0      0.666667
  37      39      bond                    0      0.333333
  38      40      bond                    0      0.333333
  38      39      bond                    0      0.666667
  39      40      bond                    0      0.666667
  39      41      bond                    0      0.333333
  40      41      bond                    0      0.666667
  40      42      bond                    0      0.333333
  41      42      bond                    0      0.666667
  41      43      bond                    0      0.333333
  42      43      bond                    0      0.666667
  42      44      bond                    0      0.333333
  43      44      bond                    0      0.666667
  43      45      bond                    0      0.333333
  44      45      bond                    0      0.666667
  44      46      bond                    0      0.333333
  45      46      bond                    0      0.666667
  45      47      bond                    0      0.333333
  46      48      bond                    0      0.333333
  46      47      bond                    0      0.666667
  47      48      bond                    0      0.666667
  47      49      bond                    0      0.333333
  48      49      bond                    0      0.666667
--------------------------------------------------------------------------------
