HETA 分析結果
================================================================================
節點數     : 67
邊數       : 182
kmax       : 1
n_random   : 1000
執行時間   : 0.052 秒
原始 indexing : 1-indexed
節點座標   : 無（全 0）
================================================================================

分類統計
--------------------------------------------------------------------------------
  silk link      :    2 條  (  1.1%)
  bond link      :   84 條  ( 46.2%)
  local bridge   :   33 條  ( 18.1%)
  global bridge  :   63 條  ( 34.6%)
--------------------------------------------------------------------------------

R^1 (第一層共同鄰居比) 統計
--------------------------------------------------------------------------------
  min    : 0.000000
  max    : 1.000000
  mean   : 0.415803
  median : 0.333333
--------------------------------------------------------------------------------

節點座標 (Vertices)
--------------------------------------------------------------------------------
  id      x             y           
  ------  ------------  ------------
  0           0.000000      0.000000
  1           0.000000      0.000000
  2           0.000000      0.000000
  3           0.000000      0.000000
  4           0.000000      0.000000
  5           0.000000      0.000000
  6           0.000000      0.000000
  7           0.000000      0.000000
  8           0.000000      0.000000
  9           0.000000      0.000000
  10          0.000000      0.000000
  11          0.000000      0.000000
  12          0.000000      0.000000
  13          0.000000      0.000000
  14          0.000000      0.000000
  15          0.000000      0.000000
  16          0.000000      0.000000
  17          0.000000      0.000000
  18          0.000000      0.000000
  19          0.000000      0.000000
  20          0.000000      0.000000
  21          0.000000      0.000000
  22          0.000000      0.000000
  23          0.000000      0.000000
  24          0.000000      0.000000
  25          0.000000      0.000000
  26          0.000000      0.000000
  27          0.000000      0.000000
  28          0.000000      0.000000
  29          0.000000      0.000000
  30          0.000000      0.000000
  31          0.000000      0.000000
  32          0.000000      0.000000
  33          0.000000      0.000000
  34          0.000000      0.000000
  35          0.000000      0.000000
  36          0.000000      0.000000
  37          0.000000      0.000000
  38          0.000000      0.000000
  39          0.000000      0.000000
  40          0.000000      0.000000
  41          0.000000      0.000000
  42          0.000000      0.000000
  43          0.000000      0.000000
  44          0.000000      0.000000
  45          0.000000      0.000000
  46          0.000000      0.000000
  47          0.000000      0.000000
  48          0.000000      0.000000
  49          0.000000      0.000000
  50          0.000000      0.000000
  51          0.000000      0.000000
  52          0.000000      0.000000
  53          0.000000      0.000000
  54          0.000000      0.000000
  55          0.000000      0.000000
  56          0.000000      0.000000
  57          0.000000      0.000000
  58          0.000000      0.000000
  59          0.000000      0.000000
  60          0.000000      0.000000
  61          0.000000      0.000000
  62          0.000000      0.000000
  63          0.000000      0.000000
  64          0.000000      0.000000
  65          0.000000      0.000000
  66          0.000000      0.000000
--------------------------------------------------------------------------------

逐邊分類結果 (含 R^1)
--------------------------------------------------------------------------------
  u       v       type                    layer  R^1       
  ------  ------  ----------------------  -----  ----------
  0       3       bond                    0      1.000000
  0       4       bond                    0      1.000000
  1       12      global_bridge           0      0.000000
  1       24      global_bridge           0      0.000000
  1       36      local_bridge_k1         1      0.333333
  1       51      local_bridge_k1         1      0.333333
  2       20      bond                    0      0.500000
  2       20      bond                    0      0.500000
  2       55      bond                    0      0.500000
  2       60      bond                    0      1.000000
  3       4       bond                    0      1.000000
  3       7       local_bridge_k1         1      0.333333
  3       8       local_bridge_k1         1      0.333333
  3       4       bond                    0      1.000000
  4       7       bond                    0      0.500000
  4       8       local_bridge_k1         1      0.333333
  4       6       local_bridge_k1         1      0.333333
  4       8       local_bridge_k1         1      0.333333
  5       8       global_bridge           0      0.000000
  5       61      global_bridge           0      0.000000
  5       8       global_bridge           0      0.000000
  6       7       local_bridge_k1         1      0.333333
  6       27      global_bridge           0      0.000000
  6       39      global_bridge           0      0.000000
  6       39      global_bridge           0      0.000000
  7       11      local_bridge_k1         1      0.200000
  7       28      global_bridge           0      0.000000
  7       31      bond                    0      0.500000
  7       41      bond                    0      1.000000
  7       61      global_bridge           0      0.000000
  7       11      local_bridge_k1         1      0.200000
  7       15      global_bridge           0      0.000000
  7       28      global_bridge           0      0.000000
  7       33      bond                    0      0.666667
  7       57      bond                    0      0.500000
  8       48      global_bridge           0      0.000000
  9       10      global_bridge           0      0.000000
  9       10      global_bridge           0      0.000000
  9       19      global_bridge           0      0.000000
  11      12      global_bridge           0      0.000000
  11      31      bond                    0      0.500000
  11      65      global_bridge           0      0.000000
  11      12      global_bridge           0      0.000000
  11      29      local_bridge_k1         1      0.200000
  11      47      local_bridge_k1         1      0.200000
  12      61      global_bridge           0      0.000000
  13      43      global_bridge           0      0.000000
  13      25      global_bridge           0      0.000000
  13      32      global_bridge           0      0.000000
  14      16      bond                    0      1.000000
  14      30      bond                    0      1.000000
  14      45      bond                    0      1.000000
  14      15      bond                    0      1.000000
  14      16      bond                    0      1.000000
  14      45      bond                    0      1.000000
  15      16      bond                    0      1.000000
  15      17      global_bridge           0      0.000000
  15      30      bond                    0      1.000000
  15      45      bond                    0      0.750000
  15      62      global_bridge           0      0.000000
  15      45      bond                    0      0.750000
  15      47      global_bridge           0      0.000000
  16      30      bond                    0      1.000000
  16      45      bond                    0      1.000000
  17      19      bond                    0      0.750000
  17      35      bond                    0      1.000000
  17      40      bond                    0      0.750000
  17      19      bond                    0      0.750000
  17      40      bond                    0      0.750000
  17      44      bond                    0      0.500000
  18      52      silk                    0      0.000000
  19      35      bond                    0      1.000000
  19      40      bond                    0      0.750000
  19      44      bond                    0      0.500000
  20      40      local_bridge_k1         1      0.400000
  20      44      local_bridge_k1         1      0.200000
  20      49      global_bridge           0      0.000000
  20      51      local_bridge_k1         1      0.200000
  20      60      local_bridge_k1         1      0.250000
  20      51      local_bridge_k1         1      0.200000
  21      55      bond                    0      1.000000
  21      63      bond                    0      1.000000
  21      48      bond                    0      1.000000
  21      55      bond                    0      1.000000
  21      63      bond                    0      1.000000
  22      23      bond                    0      1.000000
  22      62      bond                    0      0.666667
  22      23      bond                    0      1.000000
  22      36      bond                    0      0.666667
  22      51      bond                    0      1.000000
  23      36      bond                    0      0.666667
  23      62      bond                    0      0.666667
  23      36      bond                    0      0.666667
  23      51      bond                    0      1.000000
  24      64      global_bridge           0      0.000000
  25      26      global_bridge           0      0.000000
  26      42      bond                    0      0.500000
  26      54      bond                    0      0.500000
  27      33      global_bridge           0      0.000000
  27      38      bond                    0      0.666667
  27      46      bond                    0      0.500000
  27      53      bond                    0      0.500000
  27      46      bond                    0      0.500000
  27      53      bond                    0      0.500000
  28      49      global_bridge           0      0.000000
  29      36      local_bridge_k1         1      0.428571
  29      47      local_bridge_k1         1      0.400000
  29      51      local_bridge_k1         1      0.142857
  29      57      global_bridge           0      0.000000
  29      32      local_bridge_k1         1      0.333333
  29      36      local_bridge_k1         1      0.428571
  29      47      local_bridge_k1         1      0.400000
  29      56      global_bridge           0      0.000000
  29      66      bond                    0      0.500000
  30      45      bond                    0      1.000000
  31      32      global_bridge           0      0.000000
  31      32      global_bridge           0      0.000000
  32      66      local_bridge_k1         1      0.333333
  32      66      local_bridge_k1         1      0.333333
  33      41      bond                    0      1.000000
  33      57      bond                    0      0.666667
  33      41      bond                    0      1.000000
  34      60      silk                    0      0.000000
  35      40      bond                    0      1.000000
  36      44      global_bridge           0      0.000000
  36      47      local_bridge_k1         1      0.200000
  36      42      global_bridge           0      0.000000
  36      47      local_bridge_k1         1      0.200000
  36      51      bond                    0      0.500000
  36      66      local_bridge_k1         1      0.250000
  37      43      global_bridge           0      0.000000
  37      43      global_bridge           0      0.000000
  38      53      bond                    0      1.000000
  38      46      bond                    0      1.000000
  38      50      bond                    0      0.666667
  38      53      bond                    0      1.000000
  39      56      global_bridge           0      0.000000
  39      56      global_bridge           0      0.000000
  40      42      global_bridge           0      0.000000
  40      44      bond                    0      0.600000
  40      44      bond                    0      0.600000
  40      51      local_bridge_k1         1      0.142857
  40      55      global_bridge           0      0.000000
  41      57      bond                    0      1.000000
  42      54      local_bridge_k1         1      0.333333
  43      47      global_bridge           0      0.000000
  44      50      global_bridge           0      0.000000
  45      52      global_bridge           0      0.000000
  46      50      bond                    0      0.500000
  46      52      global_bridge           0      0.000000
  46      53      bond                    0      0.750000
  46      62      global_bridge           0      0.000000
  46      53      bond                    0      0.750000
  47      61      global_bridge           0      0.000000
  48      54      bond                    0      0.500000
  48      55      bond                    0      0.750000
  48      63      bond                    0      1.000000
  48      54      bond                    0      0.500000
  48      55      bond                    0      0.750000
  48      63      bond                    0      1.000000
  49      58      global_bridge           0      0.000000
  49      66      global_bridge           0      0.000000
  50      53      bond                    0      0.500000
  50      65      global_bridge           0      0.000000
  51      54      global_bridge           0      0.000000
  51      62      bond                    0      0.500000
  51      54      global_bridge           0      0.000000
  53      54      global_bridge           0      0.000000
  54      55      local_bridge_k1         1      0.333333
  54      66      global_bridge           0      0.000000
  54      55      local_bridge_k1         1      0.333333
  54      63      bond                    0      0.666667
  55      60      local_bridge_k1         1      0.250000
  55      63      bond                    0      1.000000
  55      63      bond                    0      1.000000
  56      59      global_bridge           0      0.000000
  56      60      global_bridge           0      0.000000
  57      64      global_bridge           0      0.000000
  58      59      global_bridge           0      0.000000
  58      59      global_bridge           0      0.000000
  61      65      global_bridge           0      0.000000
  61      65      global_bridge           0      0.000000
--------------------------------------------------------------------------------
