HETA 分析結果
================================================================================
節點數     : 122
邊數       : 189
kmax       : 2
n_random   : 1000
執行時間   : 0.054 秒
原始 indexing : 1-indexed
節點座標   : 無（全 0）
================================================================================

分類統計
--------------------------------------------------------------------------------
  silk link      :    9 條  (  4.8%)
  bond link      :   50 條  ( 26.5%)
  local bridge   :   76 條  ( 40.2%)
  global bridge  :   54 條  ( 28.6%)
--------------------------------------------------------------------------------

R^1 (第一層共同鄰居比) 統計
--------------------------------------------------------------------------------
  min    : 0.000000
  max    : 1.000000
  mean   : 0.077601
  median : 0.000000
--------------------------------------------------------------------------------

節點座標 (Vertices)
--------------------------------------------------------------------------------
  id      x             y           
  ------  ------------  ------------
  0           0.000000      0.000000
  1           0.000000      0.000000
  2           0.000000      0.000000
  3           0.000000      0.000000
  4           0.000000      0.000000
  5           0.000000      0.000000
  6           0.000000      0.000000
  7           0.000000      0.000000
  8           0.000000      0.000000
  9           0.000000      0.000000
  10          0.000000      0.000000
  11          0.000000      0.000000
  12          0.000000      0.000000
  13          0.000000      0.000000
  14          0.000000      0.000000
  15          0.000000      0.000000
  16          0.000000      0.000000
  17          0.000000      0.000000
  18          0.000000      0.000000
  19          0.000000      0.000000
  20          0.000000      0.000000
  21          0.000000      0.000000
  22          0.000000      0.000000
  23          0.000000      0.000000
  24          0.000000      0.000000
  25          0.000000      0.000000
  26          0.000000      0.000000
  27          0.000000      0.000000
  28          0.000000      0.000000
  29          0.000000      0.000000
  30          0.000000      0.000000
  31          0.000000      0.000000
  32          0.000000      0.000000
  33          0.000000      0.000000
  34          0.000000      0.000000
  35          0.000000      0.000000
  36          0.000000      0.000000
  37          0.000000      0.000000
  38          0.000000      0.000000
  39          0.000000      0.000000
  40          0.000000      0.000000
  41          0.000000      0.000000
  42          0.000000      0.000000
  43          0.000000      0.000000
  44          0.000000      0.000000
  45          0.000000      0.000000
  46          0.000000      0.000000
  47          0.000000      0.000000
  48          0.000000      0.000000
  49          0.000000      0.000000
  50          0.000000      0.000000
  51          0.000000      0.000000
  52          0.000000      0.000000
  53          0.000000      0.000000
  54          0.000000      0.000000
  55          0.000000      0.000000
  56          0.000000      0.000000
  57          0.000000      0.000000
  58          0.000000      0.000000
  59          0.000000      0.000000
  60          0.000000      0.000000
  61          0.000000      0.000000
  62          0.000000      0.000000
  63          0.000000      0.000000
  64          0.000000      0.000000
  65          0.000000      0.000000
  66          0.000000      0.000000
  67          0.000000      0.000000
  68          0.000000      0.000000
  69          0.000000      0.000000
  70          0.000000      0.000000
  71          0.000000      0.000000
  72          0.000000      0.000000
  73          0.000000      0.000000
  74          0.000000      0.000000
  75          0.000000      0.000000
  76          0.000000      0.000000
  77          0.000000      0.000000
  78          0.000000      0.000000
  79          0.000000      0.000000
  80          0.000000      0.000000
  81          0.000000      0.000000
  82          0.000000      0.000000
  83          0.000000      0.000000
  84          0.000000      0.000000
  85          0.000000      0.000000
  86          0.000000      0.000000
  87          0.000000      0.000000
  88          0.000000      0.000000
  89          0.000000      0.000000
  90          0.000000      0.000000
  91          0.000000      0.000000
  92          0.000000      0.000000
  93          0.000000      0.000000
  94          0.000000      0.000000
  95          0.000000      0.000000
  96          0.000000      0.000000
  97          0.000000      0.000000
  98          0.000000      0.000000
  99          0.000000      0.000000
  100         0.000000      0.000000
  101         0.000000      0.000000
  102         0.000000      0.000000
  103         0.000000      0.000000
  104         0.000000      0.000000
  105         0.000000      0.000000
  106         0.000000      0.000000
  107         0.000000      0.000000
  108         0.000000      0.000000
  109         0.000000      0.000000
  110         0.000000      0.000000
  111         0.000000      0.000000
  112         0.000000      0.000000
  113         0.000000      0.000000
  114         0.000000      0.000000
  115         0.000000      0.000000
  116         0.000000      0.000000
  117         0.000000      0.000000
  118         0.000000      0.000000
  119         0.000000      0.000000
  120         0.000000      0.000000
  121         0.000000      0.000000
--------------------------------------------------------------------------------

逐邊分類結果 (含 R^1)
--------------------------------------------------------------------------------
  u       v       type                    layer  R^1       
  ------  ------  ----------------------  -----  ----------
  0       1       bond                    0      1.000000
  0       26      local_bridge_k2         2      0.000000
  0       44      local_bridge_k2         2      0.000000
  0       101     bond                    0      0.333333
  0       116     bond                    0      0.500000
  0       83      local_bridge_k2         2      0.000000
  1       101     bond                    0      0.500000
  1       116     bond                    0      0.500000
  2       3       bond                    0      0.500000
  2       18      bond                    0      0.000000
  2       27      local_bridge_k2         2      0.000000
  2       43      local_bridge_k2         2      0.000000
  2       71      bond                    0      0.500000
  2       97      local_bridge_k2         2      0.000000
  2       83      local_bridge_k2         2      0.000000
  3       70      bond                    0      0.000000
  3       71      bond                    0      0.500000
  4       5       bond                    0      0.500000
  4       21      bond                    0      0.000000
  4       42      global_bridge           0      0.000000
  4       73      bond                    0      0.500000
  4       103     local_bridge_k2         2      0.000000
  4       83      local_bridge_k2         2      0.000000
  5       72      bond                    0      0.000000
  5       73      bond                    0      0.500000
  6       7       bond                    0      0.500000
  6       22      bond                    0      0.000000
  6       41      local_bridge_k2         2      0.000000
  6       74      bond                    0      0.500000
  6       103     local_bridge_k2         2      0.000000
  6       20      local_bridge_k2         2      0.000000
  6       83      local_bridge_k2         2      0.000000
  7       74      bond                    0      0.500000
  7       75      bond                    0      0.000000
  8       9       bond                    0      1.000000
  8       51      global_bridge           0      0.000000
  8       104     bond                    0      0.333333
  8       117     bond                    0      0.500000
  9       104     bond                    0      0.500000
  9       117     bond                    0      0.500000
  10      11      bond                    0      0.500000
  10      35      local_bridge_k2         2      0.000000
  10      50      local_bridge_k2         2      0.000000
  10      106     bond                    0      0.500000
  10      88      local_bridge_k2         2      0.000000
  11      106     bond                    0      0.500000
  11      37      local_bridge_k2         2      0.000000
  12      13      bond                    0      0.500000
  12      31      bond                    0      0.000000
  12      36      global_bridge           0      0.000000
  12      49      global_bridge           0      0.000000
  12      77      bond                    0      0.500000
  12      80      local_bridge_k2         2      0.000000
  12      105     local_bridge_k2         2      0.000000
  13      76      bond                    0      0.000000
  13      77      bond                    0      0.500000
  14      15      bond                    0      0.500000
  14      32      bond                    0      0.000000
  14      48      global_bridge           0      0.000000
  14      78      bond                    0      0.500000
  14      30      local_bridge_k2         2      0.000000
  15      78      bond                    0      0.500000
  15      79      bond                    0      0.000000
  16      17      local_bridge_k2         2      0.000000
  16      71      local_bridge_k2         2      0.000000
  17      28      global_bridge           0      0.000000
  17      70      local_bridge_k2         2      0.000000
  17      103     local_bridge_k2         2      0.000000
  17      25      local_bridge_k2         2      0.000000
  18      70      bond                    0      0.000000
  19      20      local_bridge_k2         2      0.000000
  19      73      local_bridge_k2         2      0.000000
  20      72      local_bridge_k2         2      0.000000
  20      24      local_bridge_k2         2      0.000000
  21      72      bond                    0      0.000000
  22      75      bond                    0      0.000000
  23      24      bond                    0      0.000000
  23      74      local_bridge_k2         2      0.000000
  24      25      global_bridge           0      0.000000
  24      40      local_bridge_k2         2      0.000000
  24      47      local_bridge_k2         2      0.000000
  24      75      bond                    0      0.000000
  24      34      global_bridge           0      0.000000
  24      92      global_bridge           0      0.000000
  24      46      local_bridge_k2         2      0.000000
  24      53      local_bridge_k2         2      0.000000
  25      102     local_bridge_k2         2      0.000000
  26      81      local_bridge_k2         2      0.000000
  27      101     local_bridge_k2         2      0.000000
  27      102     bond                    0      0.000000
  27      81      local_bridge_k2         2      0.000000
  28      101     global_bridge           0      0.000000
  29      30      local_bridge_k2         2      0.000000
  29      77      local_bridge_k2         2      0.000000
  30      39      global_bridge           0      0.000000
  30      76      local_bridge_k2         2      0.000000
  30      107     global_bridge           0      0.000000
  30      34      local_bridge_k2         2      0.000000
  31      76      bond                    0      0.000000
  32      79      bond                    0      0.000000
  33      34      bond                    0      0.000000
  33      78      bond                    0      0.000000
  34      79      bond                    0      0.000000
  34      81      global_bridge           0      0.000000
  35      104     local_bridge_k2         2      0.000000
  35      107     local_bridge_k2         2      0.000000
  35      38      local_bridge_k2         2      0.000000
  36      107     global_bridge           0      0.000000
  37      38      local_bridge_k2         2      0.000000
  38      80      global_bridge           0      0.000000
  39      80      local_bridge_k2         2      0.000000
  39      105     local_bridge_k2         2      0.000000
  40      90      local_bridge_k2         2      0.000000
  41      46      local_bridge_k2         2      0.000000
  41      90      local_bridge_k2         2      0.000000
  42      118     local_bridge_k2         2      0.000000
  42      55      local_bridge_k2         2      0.000000
  43      57      local_bridge_k2         2      0.000000
  44      97      local_bridge_k2         2      0.000000
  45      46      local_bridge_k2         2      0.000000
  45      118     local_bridge_k2         2      0.000000
  46      55      local_bridge_k2         2      0.000000
  47      84      local_bridge_k2         2      0.000000
  48      53      local_bridge_k2         2      0.000000
  48      84      local_bridge_k2         2      0.000000
  49      119     local_bridge_k2         2      0.000000
  49      85      local_bridge_k2         2      0.000000
  50      86      local_bridge_k2         2      0.000000
  51      88      global_bridge           0      0.000000
  52      53      local_bridge_k2         2      0.000000
  52      119     local_bridge_k2         2      0.000000
  53      85      local_bridge_k2         2      0.000000
  54      55      global_bridge           0      0.000000
  54      109     global_bridge           0      0.000000
  56      57      global_bridge           0      0.000000
  56      108     global_bridge           0      0.000000
  57      118     local_bridge_k2         2      0.000000
  58      59      silk                    0      0.000000
  58      109     global_bridge           0      0.000000
  60      61      silk                    0      0.000000
  60      108     global_bridge           0      0.000000
  62      63      global_bridge           0      0.000000
  62      111     global_bridge           0      0.000000
  63      83      global_bridge           0      0.000000
  63      85      global_bridge           0      0.000000
  64      65      global_bridge           0      0.000000
  64      110     global_bridge           0      0.000000
  65      83      global_bridge           0      0.000000
  65      86      global_bridge           0      0.000000
  66      67      silk                    0      0.000000
  66      111     global_bridge           0      0.000000
  68      69      silk                    0      0.000000
  68      110     global_bridge           0      0.000000
  81      103     local_bridge_k2         2      0.000000
  82      83      global_bridge           0      0.000000
  82      84      global_bridge           0      0.000000
  82      94      global_bridge           0      0.000000
  83      87      global_bridge           0      0.000000
  86      119     local_bridge_k2         2      0.000000
  87      88      global_bridge           0      0.000000
  87      99      global_bridge           0      0.000000
  88      119     local_bridge_k2         2      0.000000
  89      90      global_bridge           0      0.000000
  89      91      silk                    0      0.000000
  89      120     global_bridge           0      0.000000
  92      93      silk                    0      0.000000
  92      120     global_bridge           0      0.000000
  94      95      silk                    0      0.000000
  94      121     global_bridge           0      0.000000
  96      97      global_bridge           0      0.000000
  96      98      silk                    0      0.000000
  96      121     global_bridge           0      0.000000
  97      118     local_bridge_k2         2      0.000000
  99      100     silk                    0      0.000000
  99      115     global_bridge           0      0.000000
  102     103     bond                    0      0.000000
  102     116     local_bridge_k2         2      0.000000
  104     105     local_bridge_k2         2      0.000000
  105     106     local_bridge_k2         2      0.000000
  107     117     local_bridge_k2         2      0.000000
  108     113     global_bridge           0      0.000000
  109     113     global_bridge           0      0.000000
  110     114     global_bridge           0      0.000000
  111     114     global_bridge           0      0.000000
  112     113     global_bridge           0      0.000000
  112     114     global_bridge           0      0.000000
  112     115     global_bridge           0      0.000000
  113     120     global_bridge           0      0.000000
  114     121     global_bridge           0      0.000000
--------------------------------------------------------------------------------
