Table 2 — 16 networks community partition metrics (HETA_TIMES=10)
Network       Grp# Indep Total         Density       Within R1      Between R1
------------------------------------------------------------------------------
rdgam            0    12     0  0.00 (0.00)    0.00 (0.00)    0.00 (0.00)
women            0    16     0  0.00 (0.00)    0.00 (0.00)    0.00 (0.00)
football         0   115     0  0.00 (0.00)    0.00 (0.00)    0.00 (0.00)
jazz             0   198     0  0.00 (0.00)    0.00 (0.00)    0.00 (0.00)
lesmis           0    77     0  0.00 (0.00)    0.00 (0.00)    0.00 (0.00)
camp92           0    18     0  0.00 (0.00)    0.00 (0.00)    0.00 (0.00)
prisonInter      0    67     0  0.00 (0.00)    0.00 (0.00)    0.00 (0.00)
karate           0    34     0  0.00 (0.00)    0.00 (0.00)    0.00 (0.00)
k-core           0    26     0  0.00 (0.00)    0.00 (0.00)    0.00 (0.00)
ragusa16         0    24     0  0.00 (0.00)    0.00 (0.00)    0.00 (0.00)
dolphins         0    62     0  0.00 (0.00)    0.00 (0.00)    0.00 (0.00)
celegans         0   297     0  0.00 (0.00)    0.00 (0.00)    0.00 (0.00)
s208             0   122     0  0.00 (0.00)    0.00 (0.00)    0.00 (0.00)
ba_sfn           0   100     0  0.00 (0.00)    0.00 (0.00)    0.00 (0.00)
leader           0    32     0  0.00 (0.00)    0.00 (0.00)    0.00 (0.00)
florentine       0    15     0  0.00 (0.00)    0.00 (0.00)    0.00 (0.00)
