Table 2 — 16 networks community partition metrics (HETA_TIMES=200)
Network       Grp# Indep Total         Density       Within R1      Between R1
------------------------------------------------------------------------------
rdgam            2     0    12  0.88 (0.02)    0.83 (0.01)    0.00 (0.00)
women            1     0    16  0.42 (0.00)    0.74 (0.00)    0.00 (0.00)
football         1     0   115  0.09 (0.00)    0.41 (0.00)    0.00 (0.00)
jazz             1     7   191  0.15 (0.00)    0.55 (0.00)    0.00 (0.00)
lesmis           1    20    57  0.15 (0.00)    0.63 (0.00)    0.00 (0.00)
camp92           3     0    18  0.71 (0.14)    0.59 (0.13)    0.00 (0.00)
prisonInter      4    21    46  0.60 (0.36)    0.47 (0.14)    0.02 (0.05)
karate           1     2    32  0.15 (0.00)    0.35 (0.00)    0.00 (0.00)
k-core           1    18     8  0.46 (0.00)    0.49 (0.00)    0.00 (0.00)
ragusa16         1     8    16  0.39 (0.00)    0.42 (0.00)    0.00 (0.00)
dolphins         1    16    46  0.13 (0.00)    0.34 (0.00)    0.00 (0.00)
celegans         1    19   278  0.06 (0.00)    0.22 (0.00)    0.00 (0.00)
s208             1    39    83  0.04 (0.00)    0.08 (0.00)    0.00 (0.00)
ba_sfn           1    64    36  0.11 (0.00)    0.20 (0.00)    0.00 (0.00)
leader           1     1    31  0.17 (0.00)    0.28 (0.00)    0.00 (0.00)
florentine       2     9     6  0.92 (0.08)    0.52 (0.01)    0.00 (0.00)
